0.000000 0.000004 0.000001 0.000000 -0.000000 -0.000000 -0.000000 1.000000
0.100000 0.082764 0.003051 0.000000 0.000000 0.000000 0.141533 0.989934
0.200000 0.169940 0.033207 0.000000 0.000000 0.000000 0.273915 0.961754
0.300000 0.243465 0.086175 0.000000 0.000000 0.000000 0.380969 0.924588
0.400000 0.306462 0.157653 0.000000 0.000000 0.000000 0.478941 0.877847
0.500000 0.351628 0.242784 0.000000 0.000000 0.000000 0.585407 0.810739
0.600000 0.368820 0.335245 0.000000 0.000000 0.000000 0.677289 0.735717
0.700000 0.413262 0.425429 0.000000 0.000000 0.000000 0.756083 0.654476
0.800000 0.393812 0.543409 0.000000 0.000000 0.000000 0.819106 0.573643
0.900000 0.348383 0.662170 0.000000 0.000000 0.000000 0.862568 0.505941
1.000000 0.287025 0.763286 0.000000 0.000000 0.000000 0.890063 0.455837
1.100000 0.113206 0.967841 0.000000 0.000000 0.000000 0.944964 0.327174
1.200000 -0.011774 1.037548 0.000000 0.000000 0.000000 0.963973 0.266001
1.300000 -0.290163 1.157332 0.000000 0.000000 0.000000 0.989000 0.147914
1.400000 -0.600246 1.252003 0.000000 0.000000 0.000000 0.988984 0.148020
1.500000 -0.904410 1.330449 0.000000 0.000000 0.000000 0.992619 0.121276
1.600000 -1.213818 1.396877 0.000000 0.000000 0.000000 0.993640 0.112605
1.700000 -1.539876 1.469800 0.000000 0.000000 0.000000 0.993273 0.115796
1.800000 -1.818935 1.614373 0.000000 0.000000 0.000000 0.982931 0.183974
1.900000 -1.949076 1.671760 0.000000 0.000000 0.000000 0.989450 0.144872
2.000000 -2.259011 1.759078 0.000000 0.000000 0.000000 0.999664 0.025922
2.100000 -2.584552 1.784959 0.000000 0.000000 0.000000 0.999993 0.003669
2.200000 -2.915750 1.778537 0.000000 0.000000 0.000000 0.999872 0.015996
2.300000 -3.252403 1.796461 0.000000 0.000000 0.000000 0.997460 0.071227
2.400000 -3.584238 1.855193 0.000000 0.000000 0.000000 0.974980 0.222294
2.500000 -3.872209 2.078606 0.000000 0.000000 0.000000 0.934149 0.356884
2.600000 -4.088030 2.304094 0.000000 0.000000 0.000000 0.889836 0.456280
2.700000 -4.240983 2.588388 0.000000 0.000000 0.000000 0.874909 0.484288
2.800000 -4.417010 2.849127 0.000000 0.000000 0.000000 0.865758 0.500462
2.900000 -4.539451 3.089406 0.000000 0.000000 0.000000 0.850269 0.526348
3.000000 -4.623785 3.304422 0.000000 0.000000 0.000000 0.759110 0.650962
3.100000 -4.572450 3.607521 0.000000 0.000000 0.000000 0.389280 0.921120
3.200000 -4.398244 3.671656 0.000000 -0.000000 -0.000000 -0.411212 0.911540
3.300000 -4.395395 3.552874 0.000000 -0.000000 -0.000000 -0.771777 0.635893
3.400000 -4.444626 3.372515 0.000000 -0.000000 -0.000000 -0.780745 0.624850
3.500000 -4.520642 3.073992 0.000000 -0.000000 -0.000000 -0.769041 0.639199
3.600000 -4.575342 2.772733 0.000000 -0.000000 -0.000000 -0.782495 0.622657
3.700000 -4.692335 2.449286 0.000000 -0.000000 -0.000000 -0.890056 0.455852
3.800000 -4.957651 2.199067 0.000000 -0.000000 -0.000000 -0.974567 0.224096
3.900000 -5.275670 2.106247 0.000000 -0.000000 -0.000000 -0.999577 0.029081
4.000000 -5.624927 2.182712 0.000000 0.000000 0.000000 0.994515 0.104597
4.100000 -5.800004 2.217325 0.000000 0.000000 0.000000 0.995217 0.097689
4.200000 -6.034670 2.211650 0.000000 0.000000 0.000000 0.999352 0.036003
4.300000 -6.206527 2.225640 0.000000 -0.000000 -0.000000 -0.995978 0.089595
4.400000 -6.377216 2.193555 0.000000 -0.000000 -0.000000 -0.984689 0.174321
4.500000 -6.540715 2.128046 0.000000 -0.000000 -0.000000 -0.959421 0.281976
4.600000 -6.673335 2.030579 0.000000 -0.000000 -0.000000 -0.918225 0.396060
4.700000 -6.779708 1.904067 0.000000 -0.000000 -0.000000 -0.872390 0.488811
4.800000 -6.953029 1.607476 0.000000 -0.000000 -0.000000 -0.851528 0.524310
4.900000 -7.132228 1.320695 0.000000 -0.000000 -0.000000 -0.958218 0.286040
5.000000 -7.430009 1.248709 0.000000 -0.000000 -0.000000 -0.999866 0.016389
5.100000 -7.673041 1.251552 0.000000 0.000000 0.000000 0.996081 0.088449
5.200000 -7.786150 1.267375 0.000000 0.000000 0.000000 0.998164 0.060575
5.300000 -7.886659 1.268711 0.000000 -0.000000 -0.000000 -0.999499 0.031658
5.400000 -8.021997 1.302191 0.000000 -0.000000 -0.000000 -0.982136 0.188174
5.500000 -8.120417 1.278237 0.000000 -0.000000 -0.000000 -0.942809 0.333333
5.600000 -8.186557 1.191856 0.000000 -0.000000 -0.000000 -0.883141 0.469108
5.700000 -8.247274 1.105748 0.000000 -0.000000 -0.000000 -0.808065 0.589094
5.800000 -8.280897 0.999884 0.000000 -0.000000 -0.000000 -0.704100 0.710101
5.900000 -8.275598 0.893389 0.000000 -0.000000 -0.000000 -0.597049 0.802204
6.000000 -8.236350 0.790081 0.000000 -0.000000 -0.000000 -0.482887 0.875683
6.100000 -8.160781 0.691177 0.000000 -0.000000 -0.000000 -0.346868 0.937914
6.200000 -7.990079 0.532009 0.000000 -0.000000 -0.000000 -0.227020 0.973890
6.300000 -7.691554 0.428987 0.000000 -0.000000 -0.000000 -0.244453 0.969661
6.400000 -7.390569 0.207150 0.000000 -0.000000 -0.000000 -0.312903 0.949785
6.500000 -7.123167 0.008405 0.000000 -0.000000 -0.000000 -0.334442 0.942416
6.600000 -6.860561 -0.237296 0.000000 -0.000000 -0.000000 -0.307858 0.951432
6.700000 -6.670822 -0.413974 0.000000 -0.000000 -0.000000 -0.314772 0.949167
6.800000 -6.482201 -0.536106 0.000000 -0.000000 -0.000000 -0.395861 0.918310
6.900000 -6.318135 -0.774077 0.000000 -0.000000 -0.000000 -0.614790 0.788691
7.000000 -6.334485 -1.014905 0.000000 -0.000000 -0.000000 -0.807298 0.590143
7.100000 -6.455512 -1.252253 0.000000 -0.000000 -0.000000 -0.867790 0.496931
7.200000 -6.599604 -1.491147 0.000000 -0.000000 -0.000000 -0.872567 0.488494
7.300000 -6.664959 -1.609549 0.000000 -0.000000 -0.000000 -0.850380 0.526170
7.400000 -6.727686 -1.744804 0.000000 -0.000000 -0.000000 -0.796239 0.604982
7.500000 -6.800083 -1.879082 0.000000 -0.000000 -0.000000 -0.725107 0.688637
7.600000 -6.782438 -2.012450 0.000000 -0.000000 -0.000000 -0.652862 0.757477
7.700000 -6.748890 -2.151491 0.000000 -0.000000 -0.000000 -0.576557 0.817057
7.800000 -6.648374 -2.407473 0.000000 -0.000000 -0.000000 -0.532815 0.846232
7.900000 -6.552858 -2.665994 0.000000 -0.000000 -0.000000 -0.656050 0.754718
8.000000 -6.549981 -2.917540 0.000000 -0.000000 -0.000000 -0.790542 0.612407
8.100000 -6.632551 -3.182351 0.000000 -0.000000 -0.000000 -0.864477 0.502672
8.200000 -6.809472 -3.368199 0.000000 -0.000000 -0.000000 -0.988777 0.149396
8.300000 -7.119053 -3.405721 0.000000 0.000000 0.000000 0.994748 0.102354
8.400000 -7.376257 -3.346390 0.000000 0.000000 0.000000 0.989592 0.143903
8.500000 -7.532681 -3.295085 0.000000 0.000000 0.000000 0.986629 0.162983
8.600000 -7.599948 -3.269732 0.000000 0.000000 0.000000 0.994098 0.108490
8.700000 -7.655745 -3.204850 0.000000 0.000000 0.000000 0.999929 0.011919
8.800000 -7.711831 -3.253326 0.000000 -0.000000 -0.000000 -0.994986 0.100017
8.900000 -7.751225 -3.261926 0.000000 -0.000000 -0.000000 -0.980548 0.196282
9.000000 -7.826127 -3.268570 0.000000 -0.000000 -0.000000 -0.955212 0.295923
9.100000 -7.836935 -3.276360 0.000000 -0.000000 -0.000000 -0.927441 0.373971
9.200000 -7.841583 -3.281024 0.000000 -0.000000 -0.000000 -0.893048 0.449961
9.300000 -7.841878 -3.281042 0.000000 -0.000000 -0.000000 -0.843699 0.536817
9.400000 -7.841972 -3.280808 0.000000 -0.000000 -0.000000 -0.773145 0.634229
9.500000 -7.891810 -3.275612 0.000000 -0.000000 -0.000000 -0.674896 0.737913
9.600000 -7.891806 -3.276005 0.000000 -0.000000 -0.000000 -0.570810 0.821082
9.700000 -7.891692 -3.276314 0.000000 -0.000000 -0.000000 -0.483133 0.875547
9.800000 -7.891791 -3.275987 0.000000 -0.000000 -0.000000 -0.394245 0.919005
9.900000 -7.891930 -3.275630 0.000000 -0.000000 -0.000000 -0.295701 0.955281
10.000000 -7.891784 -3.275454 0.000000 -0.000000 -0.000000 -0.198611 0.980078
10.100000 -7.891063 -3.275379 0.000000 -0.000000 -0.000000 -0.083521 0.996506
10.200000 -7.883409 -3.274586 0.000000 0.000000 0.000000 0.070880 0.997485
10.300000 -7.860441 -3.266759 0.000000 0.000000 0.000000 0.213148 0.977020
10.400000 -7.878264 -3.289314 0.000000 0.000000 0.000000 0.302417 0.953176
10.500000 -7.724895 -3.169334 0.000000 0.000000 0.000000 0.472105 0.881542
10.600000 -7.606453 -2.942525 0.000000 0.000000 0.000000 0.402411 0.915459
10.700000 -7.367074 -2.725101 0.000000 0.000000 0.000000 0.351042 0.936360
10.800000 -7.283162 -2.652675 0.000000 0.000000 0.000000 0.367775 0.929915
10.900000 -7.100145 -2.466802 0.000000 0.000000 0.000000 0.477893 0.878418
11.000000 -6.952807 -2.265623 0.000000 0.000000 0.000000 0.512684 0.858577
11.100000 -6.813784 -1.983995 0.000000 0.000000 0.000000 0.545769 0.837935
11.200000 -6.682071 -1.657602 0.000000 0.000000 0.000000 0.508752 0.860913
11.300000 -6.455871 -1.401129 0.000000 0.000000 0.000000 0.356177 0.934418
11.400000 -6.208037 -1.181946 0.000000 0.000000 0.000000 0.272278 0.962219
11.500000 -5.882640 -1.040932 0.000000 0.000000 0.000000 0.367864 0.929880
11.600000 -5.763995 -0.922667 0.000000 0.000000 0.000000 0.453483 0.891265
11.700000 -5.664233 -0.773175 0.000000 0.000000 0.000000 0.522297 0.852763
11.800000 -5.591655 -0.609876 0.000000 0.000000 0.000000 0.579276 0.815131
11.900000 -5.502466 -0.242571 0.000000 0.000000 0.000000 0.658430 0.752642
12.000000 -5.469115 0.131633 0.000000 0.000000 0.000000 0.673449 0.739234
12.100000 -5.433130 0.524634 0.000000 0.000000 0.000000 0.657096 0.753807
12.200000 -5.346404 0.913692 0.000000 0.000000 0.000000 0.538676 0.842513
12.300000 -5.151660 1.241086 0.000000 0.000000 0.000000 0.395474 0.918477
12.400000 -4.822111 1.497180 0.000000 0.000000 0.000000 0.187910 0.982186
12.500000 -4.434305 1.544708 0.000000 -0.000000 -0.000000 -0.083654 0.996495
12.600000 -4.115179 1.439268 0.000000 -0.000000 -0.000000 -0.210520 0.977589
12.700000 -3.955040 1.375551 0.000000 -0.000000 -0.000000 -0.154844 0.987939
12.800000 -3.777044 1.321949 0.000000 -0.000000 -0.000000 -0.051824 0.998656
12.900000 -3.582626 1.305195 0.000000 0.000000 0.000000 0.042546 0.999095
13.000000 -3.215814 1.330141 0.000000 0.000000 0.000000 0.161469 0.986878
13.100000 -2.847554 1.469953 0.000000 0.000000 0.000000 0.197811 0.980240
13.200000 -2.480917 1.608605 0.000000 0.000000 0.000000 0.178117 0.984009
13.300000 -2.092509 1.709801 0.000000 0.000000 0.000000 0.051958 0.998649
13.400000 -1.682176 1.654718 0.000000 -0.000000 -0.000000 -0.126817 0.991926
13.500000 -1.283144 1.523660 0.000000 -0.000000 -0.000000 -0.210687 0.977554
13.600000 -0.907698 1.292647 0.000000 -0.000000 -0.000000 -0.245898 0.969296
13.700000 -0.532868 1.084784 0.000000 -0.000000 -0.000000 -0.239960 0.970783
13.800000 -0.150441 0.895778 0.000000 -0.000000 -0.000000 -0.204509 0.978865
13.900000 0.275555 0.727222 0.000000 -0.000000 -0.000000 -0.198556 0.980090
14.000000 0.655478 0.568936 0.000000 -0.000000 -0.000000 -0.191532 0.981486
14.100000 1.053943 0.411996 0.000000 -0.000000 -0.000000 -0.173315 0.984866
14.200000 1.445701 0.229667 0.000000 -0.000000 -0.000000 -0.166293 0.986076
14.300000 1.826419 0.077297 0.000000 -0.000000 -0.000000 -0.187793 0.982209
14.400000 2.199313 -0.088166 0.000000 -0.000000 -0.000000 -0.215930 0.976409
14.500000 2.542599 -0.261615 0.000000 -0.000000 -0.000000 -0.296295 0.955096
14.600000 2.854151 -0.498951 0.000000 -0.000000 -0.000000 -0.407401 0.913249
14.700000 3.137038 -0.809606 0.000000 -0.000000 -0.000000 -0.522211 0.852817
14.800000 3.251968 -1.155918 0.000000 -0.000000 -0.000000 -0.655677 0.755041
14.900000 3.266267 -1.515833 0.000000 -0.000000 -0.000000 -0.803731 0.594993
15.000000 3.117188 -1.857481 0.000000 -0.000000 -0.000000 -0.873752 0.486371
15.100000 2.889423 -2.178596 0.000000 -0.000000 -0.000000 -0.904358 0.426775
15.200000 2.657705 -2.468281 0.000000 -0.000000 -0.000000 -0.905026 0.425356
15.300000 2.409706 -2.789707 0.000000 -0.000000 -0.000000 -0.871998 0.489509
15.400000 2.312867 -2.928687 0.000000 -0.000000 -0.000000 -0.840473 0.541853
15.500000 1.987499 -3.716014 0.000000 -0.000000 -0.000000 -0.535227 0.844708
15.600000 2.063193 -3.855425 0.000000 -0.000000 -0.000000 -0.486177 0.873860
15.700000 2.160181 -3.990450 0.000000 -0.000000 -0.000000 -0.427075 0.904216
15.800000 2.266734 -4.099491 0.000000 -0.000000 -0.000000 -0.358906 0.933374
15.900000 2.377355 -4.235110 0.000000 -0.000000 -0.000000 -0.275352 0.961344
16.000000 2.514240 -4.299112 0.000000 -0.000000 -0.000000 -0.186623 0.982432
16.100000 2.651164 -4.335386 0.000000 -0.000000 -0.000000 -0.080169 0.996781
16.200000 2.777988 -4.355031 0.000000 0.000000 0.000000 0.028409 0.999596
16.300000 2.908674 -4.355323 0.000000 0.000000 0.000000 0.095599 0.995420
16.400000 3.075962 -4.339325 0.000000 0.000000 0.000000 0.183213 0.983073
16.500000 3.175739 -4.301746 0.000000 0.000000 0.000000 0.276100 0.961129
16.600000 3.259326 -4.250672 0.000000 0.000000 0.000000 0.367956 0.929843
16.700000 3.310406 -4.202336 0.000000 0.000000 0.000000 0.442966 0.896538
16.800000 3.364214 -4.134414 0.000000 0.000000 0.000000 0.520970 0.853575
16.900000 3.393437 -4.077086 0.000000 0.000000 0.000000 0.616424 0.787415
17.000000 3.455348 -4.038175 0.000000 0.000000 0.000000 0.702807 0.711381
17.100000 3.464594 -3.958549 0.000000 0.000000 0.000000 0.778631 0.627483
17.200000 3.467583 -3.945673 0.000000 0.000000 0.000000 0.856154 0.516720
17.300000 3.474007 -3.944410 0.000000 0.000000 0.000000 0.911402 0.411517
17.400000 3.480378 -3.943962 0.000000 0.000000 0.000000 0.955461 0.295117
17.500000 3.483388 -3.941643 0.000000 0.000000 0.000000 0.982044 0.188653
17.600000 3.485208 -3.939845 0.000000 0.000000 0.000000 0.996774 0.080262
17.700000 3.481476 -3.889583 0.000000 -0.000000 -0.000000 -0.997972 0.063656
17.800000 3.462089 -3.896801 0.000000 -0.000000 -0.000000 -0.979666 0.200637
17.900000 3.425680 -3.921233 0.000000 -0.000000 -0.000000 -0.950857 0.309631
18.000000 3.263830 -4.059068 0.000000 -0.000000 -0.000000 -0.937806 0.347160
18.100000 3.111397 -4.178393 0.000000 -0.000000 -0.000000 -0.981515 0.191388
18.200000 2.880678 -4.241604 0.000000 0.000000 0.000000 0.997662 0.068340
18.300000 2.638803 -4.173613 0.000000 0.000000 0.000000 0.970945 0.239304
18.400000 2.420831 -4.000870 0.000000 0.000000 0.000000 0.911570 0.411146
18.500000 2.240687 -3.737239 0.000000 0.000000 0.000000 0.867083 0.498163
18.600000 2.113241 -3.444576 0.000000 0.000000 0.000000 0.752859 0.658182
18.700000 2.132049 -3.133550 0.000000 0.000000 0.000000 0.619278 0.785172
18.800000 2.257462 -2.834931 0.000000 0.000000 0.000000 0.490960 0.871182
18.900000 2.455019 -2.555731 0.000000 0.000000 0.000000 0.434102 0.900864
19.000000 2.690471 -2.260674 0.000000 0.000000 0.000000 0.426877 0.904310
19.100000 2.942410 -1.966340 0.000000 0.000000 0.000000 0.398114 0.917336
19.200000 3.202938 -1.708385 0.000000 0.000000 0.000000 0.337835 0.941205
19.300000 3.488158 -1.476298 0.000000 0.000000 0.000000 0.321167 0.947023
19.400000 3.796764 -1.263414 0.000000 0.000000 0.000000 0.264251 0.964454
19.500000 4.161585 -1.099784 0.000000 0.000000 0.000000 0.165346 0.986236
19.600000 4.518016 -0.996134 0.000000 0.000000 0.000000 0.033146 0.999451
19.700000 4.867180 -1.001514 0.000000 -0.000000 -0.000000 -0.100476 0.994940
19.800000 5.173706 -1.151685 0.000000 -0.000000 -0.000000 -0.330806 0.943699
19.900000 5.379325 -1.365572 0.000000 -0.000000 -0.000000 -0.450552 0.892750
20.000000 5.612673 -1.689317 0.000000 -0.000000 -0.000000 -0.469863 0.882739
20.100000 5.797871 -2.002311 0.000000 -0.000000 -0.000000 -0.497664 0.867370
20.200000 5.973575 -2.363080 0.000000 -0.000000 -0.000000 -0.528458 0.848959
20.300000 6.145555 -2.688491 0.000000 -0.000000 -0.000000 -0.531425 0.847106
20.400000 6.301457 -3.066979 0.000000 -0.000000 -0.000000 -0.599695 0.800229
20.500000 6.419199 -3.477207 0.000000 -0.000000 -0.000000 -0.699089 0.715035
20.600000 6.349971 -3.884623 0.000000 -0.000000 -0.000000 -0.776237 0.630441
20.700000 6.216356 -4.282972 0.000000 -0.000000 -0.000000 -0.847326 0.531073
20.800000 6.023488 -4.656946 0.000000 -0.000000 -0.000000 -0.909072 0.416639
20.900000 5.748527 -4.945432 0.000000 -0.000000 -0.000000 -0.925038 0.379874
21.000000 5.411441 -5.253703 0.000000 -0.000000 -0.000000 -0.933886 0.357570
21.100000 5.016274 -5.583278 0.000000 -0.000000 -0.000000 -0.932761 0.360495
21.200000 4.824479 -5.719132 0.000000 -0.000000 -0.000000 -0.932382 0.361475
21.300000 4.486830 -6.024449 0.000000 -0.000000 -0.000000 -0.928993 0.370096
21.400000 4.104387 -6.377592 0.000000 -0.000000 -0.000000 -0.924676 0.380756
21.500000 3.953696 -6.550697 0.000000 -0.000000 -0.000000 -0.926144 0.377171
21.600000 3.593295 -6.894106 0.000000 -0.000000 -0.000000 -0.923994 0.382408
21.700000 3.250118 -7.239244 0.000000 -0.000000 -0.000000 -0.921964 0.387276
21.800000 2.913451 -7.583090 0.000000 -0.000000 -0.000000 -0.922908 0.385020
21.900000 2.565305 -7.939501 0.000000 -0.000000 -0.000000 -0.916222 0.400670
22.000000 2.165162 -8.312329 0.000000 -0.000000 -0.000000 -0.916957 0.398987
22.100000 1.817180 -8.683875 0.000000 -0.000000 -0.000000 -0.918798 0.394727
22.200000 1.477141 -9.044374 0.000000 -0.000000 -0.000000 -0.915589 0.402115
22.300000 1.132823 -9.420404 0.000000 -0.000000 -0.000000 -0.915596 0.402099
22.400000 0.793720 -9.790851 0.000000 -0.000000 -0.000000 -0.913634 0.406538
22.500000 0.421124 -10.151744 0.000000 -0.000000 -0.000000 -0.899013 0.437922
22.600000 0.121879 -10.535449 0.000000 -0.000000 -0.000000 -0.897357 0.441306
22.700000 -0.192928 -10.943706 0.000000 -0.000000 -0.000000 -0.893646 0.448773
22.800000 -0.482554 -11.332848 0.000000 -0.000000 -0.000000 -0.895018 0.446030
22.900000 -0.773279 -11.717866 0.000000 -0.000000 -0.000000 -0.896134 0.443783
23.000000 -1.105252 -12.081009 0.000000 -0.000000 -0.000000 -0.894385 0.447298
23.100000 -1.388079 -12.437386 0.000000 -0.000000 -0.000000 -0.904238 0.427029
23.200000 -1.712266 -12.747807 0.000000 -0.000000 -0.000000 -0.948025 0.318197
23.300000 -2.092635 -13.001713 0.000000 -0.000000 -0.000000 -0.971692 0.236252
23.400000 -2.432462 -13.205322 0.000000 -0.000000 -0.000000 -0.940665 0.339335
23.500000 -2.750466 -13.458451 0.000000 -0.000000 -0.000000 -0.895441 0.445181
23.600000 -2.859001 -13.621979 0.000000 -0.000000 -0.000000 -0.865438 0.501017
23.700000 -2.947826 -13.808131 0.000000 -0.000000 -0.000000 -0.833871 0.551960
23.800000 -3.105747 -14.211700 0.000000 -0.000000 -0.000000 -0.790564 0.612380
23.900000 -3.212847 -14.522619 0.000000 -0.000000 -0.000000 -0.849134 0.528177
24.000000 -3.418190 -14.842819 0.000000 -0.000000 -0.000000 -0.923446 0.383728
24.100000 -3.711515 -15.129081 0.000000 -0.000000 -0.000000 -0.964006 0.265881
24.200000 -3.904148 -15.169137 0.000000 -0.000000 -0.000000 -0.953115 0.302609
24.300000 -4.046523 -15.264152 0.000000 -0.000000 -0.000000 -0.933606 0.358301
24.400000 -4.184514 -15.427497 0.000000 -0.000000 -0.000000 -0.893517 0.449030
24.500000 -4.277489 -15.554439 0.000000 -0.000000 -0.000000 -0.823892 0.566747
24.600000 -4.322990 -15.703734 0.000000 -0.000000 -0.000000 -0.747717 0.664017
24.700000 -4.335080 -15.844415 0.000000 -0.000000 -0.000000 -0.648145 0.761517
24.800000 -4.298501 -15.972149 0.000000 -0.000000 -0.000000 -0.504518 0.863401
24.900000 -4.258107 -16.090837 0.000000 -0.000000 -0.000000 -0.344664 0.938726
25.000000 -4.156655 -16.171721 0.000000 -0.000000 -0.000000 -0.167657 0.985845
25.100000 -4.043410 -16.234060 0.000000 0.000000 0.000000 0.025943 0.999663
25.200000 -3.918333 -16.201169 0.000000 0.000000 0.000000 0.179815 0.983700
25.300000 -3.703657 -16.084254 0.000000 0.000000 0.000000 0.356348 0.934353
25.400000 -3.461415 -15.837939 0.000000 0.000000 0.000000 0.469051 0.883171
25.500000 -3.243933 -15.553527 0.000000 0.000000 0.000000 0.495250 0.868750
25.600000 -3.036865 -15.205097 0.000000 0.000000 0.000000 0.489994 0.871726
25.700000 -2.796808 -14.810181 0.000000 0.000000 0.000000 0.487995 0.872846
25.800000 -2.543671 -14.399384 0.000000 0.000000 0.000000 0.480949 0.876749
25.900000 -2.272370 -13.974072 0.000000 0.000000 0.000000 0.476204 0.879335
26.000000 -1.990986 -13.543324 0.000000 0.000000 0.000000 0.471520 0.881856
26.100000 -1.714658 -13.130004 0.000000 0.000000 0.000000 0.465836 0.884871
26.200000 -1.425930 -12.752430 0.000000 0.000000 0.000000 0.457234 0.889346
26.300000 -1.066781 -12.284088 0.000000 0.000000 0.000000 0.447668 0.894200
26.400000 -0.755953 -11.869058 0.000000 0.000000 0.000000 0.446935 0.894566
26.500000 -0.452128 -11.462813 0.000000 0.000000 0.000000 0.443776 0.896138
26.600000 -0.110179 -11.049016 0.000000 0.000000 0.000000 0.487362 0.873200
26.700000 0.152652 -10.620709 0.000000 0.000000 0.000000 0.496968 0.867769
26.800000 0.397354 -10.198498 0.000000 0.000000 0.000000 0.506565 0.862202
26.900000 0.644999 -9.770803 0.000000 0.000000 0.000000 0.487799 0.872956
27.000000 0.941770 -9.398329 0.000000 0.000000 0.000000 0.380519 0.924773
27.100000 1.331616 -9.095454 0.000000 0.000000 0.000000 0.234038 0.972227
27.200000 1.717977 -8.928725 0.000000 0.000000 0.000000 0.055505 0.998458
27.300000 2.229487 -8.972853 0.000000 -0.000000 -0.000000 -0.097630 0.995223
27.400000 2.652212 -9.082643 0.000000 -0.000000 -0.000000 -0.148978 0.988841
27.500000 3.061860 -9.240754 0.000000 -0.000000 -0.000000 -0.196867 0.980430
27.600000 3.462338 -9.430339 0.000000 -0.000000 -0.000000 -0.254572 0.967054
27.700000 3.849467 -9.706759 0.000000 -0.000000 -0.000000 -0.286475 0.958088
27.800000 4.226336 -9.984351 0.000000 -0.000000 -0.000000 -0.350000 0.936750
27.900000 4.524432 -10.295394 0.000000 -0.000000 -0.000000 -0.382553 0.923934
28.000000 4.855337 -10.652405 0.000000 -0.000000 -0.000000 -0.406384 0.913703
28.100000 5.157056 -10.990951 0.000000 -0.000000 -0.000000 -0.406778 0.913527
28.200000 5.454526 -11.327319 0.000000 -0.000000 -0.000000 -0.416031 0.909351
28.300000 5.740262 -11.724046 0.000000 -0.000000 -0.000000 -0.423622 0.905839
28.400000 6.021285 -12.069486 0.000000 -0.000000 -0.000000 -0.431173 0.902269
28.500000 6.300020 -12.418191 0.000000 -0.000000 -0.000000 -0.428262 0.903655
28.600000 6.577773 -12.759162 0.000000 -0.000000 -0.000000 -0.418450 0.908240
28.700000 6.852669 -13.084208 0.000000 -0.000000 -0.000000 -0.418921 0.908023
28.800000 7.130007 -13.413861 0.000000 -0.000000 -0.000000 -0.416001 0.909364
28.900000 7.641237 -14.079555 0.000000 -0.000000 -0.000000 -0.431781 0.901978
29.000000 7.891407 -14.409119 0.000000 -0.000000 -0.000000 -0.467559 0.883962
29.100000 8.107904 -14.747349 0.000000 -0.000000 -0.000000 -0.493212 0.869909
29.200000 8.288346 -15.082596 0.000000 -0.000000 -0.000000 -0.526056 0.850450
29.300000 8.462986 -15.441479 0.000000 -0.000000 -0.000000 -0.611072 0.791575
29.400000 8.544567 -15.830807 0.000000 -0.000000 -0.000000 -0.615261 0.788323
29.500000 8.625802 -16.151835 0.000000 -0.000000 -0.000000 -0.605730 0.795670
29.600000 8.729146 -16.462117 0.000000 -0.000000 -0.000000 -0.558500 0.829505
29.700000 8.822666 -16.798484 0.000000 -0.000000 -0.000000 -0.485536 0.874217
29.800000 9.051283 -17.030462 0.000000 -0.000000 -0.000000 -0.440393 0.897805
29.900000 9.258701 -17.276444 0.000000 -0.000000 -0.000000 -0.363487 0.931599
30.000000 9.521018 -17.488202 0.000000 -0.000000 -0.000000 -0.265335 0.964156
30.100000 9.676116 -17.570156 0.000000 -0.000000 -0.000000 -0.200293 0.979736
30.200000 9.847770 -17.685998 0.000000 -0.000000 -0.000000 -0.142961 0.989728
30.300000 10.183722 -17.780773 0.000000 -0.000000 -0.000000 -0.077572 0.996987
30.400000 10.577859 -17.818799 0.000000 0.000000 0.000000 0.035171 0.999381
30.500000 10.978185 -17.767552 0.000000 0.000000 0.000000 0.131682 0.991292
30.600000 11.363898 -17.660966 0.000000 0.000000 0.000000 0.147605 0.989046
30.700000 11.752559 -17.575365 0.000000 0.000000 0.000000 0.186699 0.982417
30.800000 12.144675 -17.414597 0.000000 0.000000 0.000000 0.247267 0.968947
30.900000 12.502033 -17.211730 0.000000 0.000000 0.000000 0.309434 0.950921
31.000000 12.832204 -16.952995 0.000000 0.000000 0.000000 0.348364 0.937359
31.100000 13.148556 -16.673636 0.000000 0.000000 0.000000 0.370907 0.928670
31.200000 13.491815 -16.409421 0.000000 0.000000 0.000000 0.373245 0.927733
31.300000 13.658844 -16.240377 0.000000 0.000000 0.000000 0.373749 0.927530
31.400000 14.007849 -15.957372 0.000000 0.000000 0.000000 0.385909 0.922537
31.500000 14.252604 -15.696127 0.000000 0.000000 0.000000 0.386443 0.922313
31.600000 14.556407 -15.386080 0.000000 0.000000 0.000000 0.394655 0.918829
31.700000 14.880285 -15.074940 0.000000 0.000000 0.000000 0.429530 0.903053
31.800000 15.154823 -14.737810 0.000000 0.000000 0.000000 0.429643 0.902999
31.900000 15.479340 -14.387334 0.000000 0.000000 0.000000 0.434396 0.900722
32.000000 15.740958 -14.058251 0.000000 0.000000 0.000000 0.433577 0.901117
32.100000 16.009155 -13.725029 0.000000 0.000000 0.000000 0.425903 0.904769
32.200000 16.290902 -13.421255 0.000000 0.000000 0.000000 0.392079 0.919931
32.300000 16.590235 -13.141461 0.000000 0.000000 0.000000 0.379822 0.925060
32.400000 16.927160 -12.838285 0.000000 0.000000 0.000000 0.335882 0.941904
32.500000 17.347388 -12.547650 0.000000 0.000000 0.000000 0.336059 0.941841
32.600000 17.659816 -12.287536 0.000000 0.000000 0.000000 0.336445 0.941703
32.700000 18.065259 -11.998421 0.000000 0.000000 0.000000 0.341081 0.940034
32.800000 18.424737 -11.702092 0.000000 0.000000 0.000000 0.339979 0.940433
32.900000 18.839793 -11.362307 0.000000 0.000000 0.000000 0.346860 0.937917
33.000000 19.126859 -11.112838 0.000000 0.000000 0.000000 0.348823 0.937189
33.100000 19.525508 -10.798990 0.000000 0.000000 0.000000 0.374428 0.927256
33.200000 19.873063 -10.463794 0.000000 0.000000 0.000000 0.388823 0.921312
33.300000 20.202200 -10.126643 0.000000 0.000000 0.000000 0.387506 0.921867
33.400000 20.542857 -9.822088 0.000000 0.000000 0.000000 0.386018 0.922491
33.500000 20.893467 -9.461272 0.000000 0.000000 0.000000 0.391333 0.920249
33.600000 21.225573 -9.121417 0.000000 0.000000 0.000000 0.372567 0.928005
33.700000 21.638306 -8.791163 0.000000 0.000000 0.000000 0.339073 0.940760
33.800000 21.815684 -8.642590 0.000000 0.000000 0.000000 0.335742 0.941954
33.900000 22.165374 -8.359497 0.000000 0.000000 0.000000 0.334177 0.942510
34.000000 22.574425 -8.031693 0.000000 0.000000 0.000000 0.326555 0.945178
34.100000 22.736363 -7.950386 0.000000 0.000000 0.000000 0.327462 0.944864
34.200000 23.134404 -7.637439 0.000000 0.000000 0.000000 0.328336 0.944561
34.300000 23.587936 -7.278570 0.000000 0.000000 0.000000 0.324460 0.945899
34.400000 23.963297 -7.014864 0.000000 0.000000 0.000000 0.357004 0.934103
34.500000 24.340099 -6.675466 0.000000 0.000000 0.000000 0.358793 0.933417
34.600000 24.772936 -6.281294 0.000000 0.000000 0.000000 0.369667 0.929164
34.700000 25.136948 -5.938294 0.000000 0.000000 0.000000 0.373994 0.927431
34.800000 25.503363 -5.587894 0.000000 0.000000 0.000000 0.370659 0.928769
34.900000 25.868779 -5.245079 0.000000 0.000000 0.000000 0.353647 0.935379
35.000000 26.245271 -4.916412 0.000000 0.000000 0.000000 0.340570 0.940219
35.100000 26.687007 -4.600145 0.000000 0.000000 0.000000 0.309562 0.950879
35.200000 27.098796 -4.302690 0.000000 0.000000 0.000000 0.302357 0.953195
35.300000 27.509202 -4.024341 0.000000 0.000000 0.000000 0.274455 0.961600
35.400000 27.984112 -3.766592 0.000000 0.000000 0.000000 0.273664 0.961825
35.500000 28.414439 -3.500251 0.000000 0.000000 0.000000 0.273509 0.961869
35.600000 28.826611 -3.245638 0.000000 0.000000 0.000000 0.269064 0.963122
35.700000 29.239751 -2.985286 0.000000 0.000000 0.000000 0.290550 0.956860
35.800000 29.598901 -2.724884 0.000000 0.000000 0.000000 0.359167 0.933273
35.900000 29.950023 -2.393227 0.000000 0.000000 0.000000 0.464011 0.885830
36.000000 30.084187 -2.207987 0.000000 0.000000 0.000000 0.538202 0.842816
36.100000 30.218218 -2.004816 0.000000 0.000000 0.000000 0.624454 0.781061
36.200000 30.262358 -1.768526 0.000000 0.000000 0.000000 0.698889 0.715230
36.300000 30.261517 -1.548332 0.000000 0.000000 0.000000 0.762057 0.647510
36.400000 30.268462 -1.350242 0.000000 0.000000 0.000000 0.813638 0.581372
36.500000 30.184659 -1.140761 0.000000 0.000000 0.000000 0.853780 0.520633
36.600000 30.070187 -0.952161 0.000000 0.000000 0.000000 0.889662 0.456619
36.700000 29.835965 -0.554914 0.000000 0.000000 0.000000 0.918919 0.394447
36.800000 29.464589 -0.237860 0.000000 0.000000 0.000000 0.957869 0.287204
36.900000 29.048454 -0.022086 0.000000 0.000000 0.000000 0.984628 0.174663
37.000000 28.599748 0.114831 0.000000 0.000000 0.000000 0.997326 0.073079
37.100000 28.099054 0.188998 0.000000 -0.000000 -0.000000 -0.998919 0.046478
37.200000 27.910759 0.132442 0.000000 -0.000000 -0.000000 -0.994310 0.106522
37.300000 27.447921 0.023420 0.000000 -0.000000 -0.000000 -0.977268 0.212007
37.400000 26.960616 -0.172665 0.000000 -0.000000 -0.000000 -0.968077 0.250654
37.500000 26.530271 -0.360985 0.000000 -0.000000 -0.000000 -0.968658 0.248399
37.600000 26.062347 -0.593863 0.000000 -0.000000 -0.000000 -0.985917 0.167234
37.700000 25.532325 -0.691543 0.000000 -0.000000 -0.000000 -0.998563 0.053589
37.800000 25.052534 -0.703410 0.000000 0.000000 0.000000 0.996162 0.087526
37.900000 24.569012 -0.561846 0.000000 0.000000 0.000000 0.969020 0.246983
38.000000 24.185727 -0.245704 0.000000 0.000000 0.000000 0.936768 0.349952
38.100000 23.846975 0.114193 0.000000 0.000000 0.000000 0.919921 0.392105
38.200000 23.643806 0.311382 0.000000 0.000000 0.000000 0.913177 0.407563
38.300000 23.339515 0.710902 0.000000 0.000000 0.000000 0.901575 0.432622
38.400000 22.972535 1.165893 0.000000 0.000000 0.000000 0.896405 0.443237
38.500000 22.704387 1.581655 0.000000 0.000000 0.000000 0.883367 0.468682
38.600000 22.345521 2.035427 0.000000 0.000000 0.000000 0.873822 0.486246
38.700000 22.100489 2.493713 0.000000 0.000000 0.000000 0.868320 0.496005
38.800000 21.801147 2.991845 0.000000 0.000000 0.000000 0.847579 0.530669
38.900000 21.596797 3.444350 0.000000 0.000000 0.000000 0.879402 0.476079
39.000000 21.241471 3.879707 0.000000 0.000000 0.000000 0.904625 0.426209
39.100000 20.912296 4.315685 0.000000 0.000000 0.000000 0.913358 0.407157
39.200000 20.554518 4.703436 0.000000 0.000000 0.000000 0.932184 0.361986
39.300000 20.178447 5.071948 0.000000 0.000000 0.000000 0.910651 0.413177
39.400000 19.847712 5.512131 0.000000 0.000000 0.000000 0.899367 0.437194
39.500000 19.531477 5.930232 0.000000 0.000000 0.000000 0.884205 0.467099
39.600000 19.243956 6.361320 0.000000 0.000000 0.000000 0.873430 0.486949
39.700000 19.043110 6.839247 0.000000 0.000000 0.000000 0.848351 0.529434
39.800000 18.842547 7.314470 0.000000 0.000000 0.000000 0.786035 0.618182
39.900000 18.750482 7.862537 0.000000 0.000000 0.000000 0.743989 0.668192
40.000000 18.754262 8.327401 0.000000 0.000000 0.000000 0.685986 0.727615
40.100000 18.804437 8.854664 0.000000 0.000000 0.000000 0.579626 0.814882
40.200000 18.971894 9.282359 0.000000 0.000000 0.000000 0.499025 0.866588
40.300000 19.217839 9.652419 0.000000 0.000000 0.000000 0.419586 0.907715
40.400000 19.553124 9.978265 0.000000 0.000000 0.000000 0.310295 0.950640
40.500000 19.921494 10.219255 0.000000 0.000000 0.000000 0.254042 0.967193
40.600000 20.325248 10.415550 0.000000 0.000000 0.000000 0.202240 0.979336
40.700000 20.615382 10.516335 0.000000 0.000000 0.000000 0.142135 0.989847
40.800000 20.897452 10.586524 0.000000 0.000000 0.000000 0.101281 0.994858
40.900000 21.199221 10.650900 0.000000 0.000000 0.000000 0.039493 0.999220
41.000000 21.463651 10.635090 0.000000 0.000000 0.000000 0.052907 0.998599
41.100000 21.768690 10.667540 0.000000 0.000000 0.000000 0.060279 0.998182
41.200000 22.084700 10.692944 0.000000 0.000000 0.000000 0.059948 0.998201
41.300000 22.414554 10.742972 0.000000 0.000000 0.000000 0.042116 0.999113
41.400000 22.758657 10.752887 0.000000 -0.000000 -0.000000 -0.014519 0.999895
41.500000 23.132996 10.724125 0.000000 -0.000000 -0.000000 -0.059962 0.998201
41.600000 23.558277 10.670937 0.000000 -0.000000 -0.000000 -0.070690 0.997498
41.700000 24.612390 10.673122 0.000000 0.000000 0.000000 0.148427 0.988923
41.800000 24.899175 10.730878 0.000000 0.000000 0.000000 0.232787 0.972528
41.900000 25.048163 10.820314 0.000000 0.000000 0.000000 0.334948 0.942237
42.000000 25.270606 10.983948 0.000000 0.000000 0.000000 0.415298 0.909686
42.100000 25.597206 11.370710 0.000000 0.000000 0.000000 0.488657 0.872476
42.200000 25.852161 11.803387 0.000000 0.000000 0.000000 0.512003 0.858984
42.300000 26.093589 12.253987 0.000000 0.000000 0.000000 0.514657 0.857396
42.400000 26.342525 12.695375 0.000000 0.000000 0.000000 0.487061 0.873368
42.500000 26.636736 13.116583 0.000000 0.000000 0.000000 0.428790 0.903404
42.600000 27.016730 13.466285 0.000000 0.000000 0.000000 0.311118 0.950371
42.700000 27.407101 13.682382 0.000000 0.000000 0.000000 0.158279 0.987394
42.800000 27.805301 13.831769 0.000000 0.000000 0.000000 0.170384 0.985378
42.900000 27.967808 13.913217 0.000000 0.000000 0.000000 0.274152 0.961686
43.000000 28.145126 13.972407 0.000000 0.000000 0.000000 0.394968 0.918695
43.100000 28.249690 14.126370 0.000000 0.000000 0.000000 0.490328 0.871538
43.200000 28.339471 14.265797 0.000000 0.000000 0.000000 0.582543 0.812800
43.300000 28.430750 14.494733 0.000000 0.000000 0.000000 0.653736 0.756723
43.400000 28.410375 14.666528 0.000000 0.000000 0.000000 0.688417 0.725315
43.500000 28.449012 15.202178 0.000000 0.000000 0.000000 0.674764 0.738033
43.600000 28.508452 15.721959 0.000000 0.000000 0.000000 0.633511 0.773733
43.700000 28.637360 16.233732 0.000000 0.000000 0.000000 0.587047 0.809553
43.800000 28.817929 16.716825 0.000000 0.000000 0.000000 0.580694 0.814122
43.900000 29.018980 17.188425 0.000000 0.000000 0.000000 0.580472 0.814280
44.000000 29.120027 17.510133 0.000000 0.000000 0.000000 0.565940 0.824446
44.100000 29.306091 17.954375 0.000000 0.000000 0.000000 0.553334 0.832959
44.200000 29.521031 18.499119 0.000000 0.000000 0.000000 0.555380 0.831597
44.300000 29.773690 18.976671 0.000000 0.000000 0.000000 0.552484 0.833523
44.400000 29.983303 19.473276 0.000000 0.000000 0.000000 0.553240 0.833022
44.500000 30.190013 19.964701 0.000000 0.000000 0.000000 0.551762 0.834002
44.600000 30.449921 20.485481 0.000000 0.000000 0.000000 0.560572 0.828106
44.700000 30.647413 20.977459 0.000000 0.000000 0.000000 0.560825 0.827934
44.800000 30.844606 21.473013 0.000000 0.000000 0.000000 0.558049 0.829808
44.900000 31.042295 21.964580 0.000000 0.000000 0.000000 0.560109 0.828419
45.000000 31.244253 22.472964 0.000000 0.000000 0.000000 0.592508 0.805565
45.100000 31.396681 22.966245 0.000000 0.000000 0.000000 0.593175 0.805073
45.200000 31.549349 23.463659 0.000000 0.000000 0.000000 0.608772 0.793345
45.300000 31.678726 23.951823 0.000000 0.000000 0.000000 0.617618 0.786478
45.400000 31.832109 24.433670 0.000000 0.000000 0.000000 0.540824 0.841136
45.500000 32.088040 24.841792 0.000000 0.000000 0.000000 0.394951 0.918702
45.600000 32.450976 25.142388 0.000000 0.000000 0.000000 0.386199 0.922415
45.700000 32.609817 25.299610 0.000000 0.000000 0.000000 0.450345 0.892854
45.800000 32.743295 25.522507 0.000000 0.000000 0.000000 0.513871 0.857867
45.900000 32.839674 25.708919 0.000000 0.000000 0.000000 0.585369 0.810767
46.000000 32.898372 25.913003 0.000000 0.000000 0.000000 0.651940 0.758271
46.100000 32.910068 26.104598 0.000000 0.000000 0.000000 0.739266 0.673413
46.200000 32.927616 26.328934 0.000000 0.000000 0.000000 0.833013 0.553254
46.300000 32.829176 26.487343 0.000000 0.000000 0.000000 0.914873 0.403743
46.400000 32.699689 26.633160 0.000000 0.000000 0.000000 0.971891 0.235432
46.500000 32.551056 26.720857 0.000000 0.000000 0.000000 0.998176 0.060364
46.600000 32.388102 26.696691 0.000000 -0.000000 -0.000000 -0.996501 0.083587
46.700000 32.238606 26.672066 0.000000 -0.000000 -0.000000 -0.972521 0.232814
46.800000 32.103599 26.601609 0.000000 -0.000000 -0.000000 -0.926109 0.377255
46.900000 31.987402 26.483746 0.000000 -0.000000 -0.000000 -0.872050 0.489417
47.000000 31.820109 26.190424 0.000000 -0.000000 -0.000000 -0.822351 0.568980
47.100000 31.693349 25.863346 0.000000 -0.000000 -0.000000 -0.806308 0.591496
47.200000 31.636954 25.643592 0.000000 -0.000000 -0.000000 -0.785986 0.618244
47.300000 31.534303 25.190702 0.000000 -0.000000 -0.000000 -0.734775 0.678311
47.400000 31.498642 24.723505 0.000000 -0.000000 -0.000000 -0.737724 0.675103
47.500000 31.393807 24.156682 0.000000 -0.000000 -0.000000 -0.739790 0.672837
47.600000 31.363315 23.642061 0.000000 -0.000000 -0.000000 -0.773901 0.633306
47.700000 31.187434 23.112580 0.000000 -0.000000 -0.000000 -0.813003 0.582259
47.800000 31.021625 22.668048 0.000000 -0.000000 -0.000000 -0.828269 0.560331
47.900000 30.766591 22.159319 0.000000 -0.000000 -0.000000 -0.846835 0.531856
48.000000 30.534612 21.683605 0.000000 -0.000000 -0.000000 -0.853461 0.521158
48.100000 30.293727 21.216987 0.000000 -0.000000 -0.000000 -0.852343 0.522983
48.200000 30.067144 20.808522 0.000000 -0.000000 -0.000000 -0.849189 0.528089
48.300000 29.773146 20.244218 0.000000 -0.000000 -0.000000 -0.845332 0.534241
48.400000 29.551343 19.814398 0.000000 -0.000000 -0.000000 -0.839506 0.543350
48.500000 29.340312 19.345708 0.000000 -0.000000 -0.000000 -0.835376 0.549679
48.600000 29.139022 18.910265 0.000000 -0.000000 -0.000000 -0.832261 0.554384
48.700000 28.872936 18.329315 0.000000 -0.000000 -0.000000 -0.825711 0.564094
48.800000 28.696504 17.899710 0.000000 -0.000000 -0.000000 -0.814134 0.580677
48.900000 28.534576 17.395289 0.000000 -0.000000 -0.000000 -0.792722 0.609584
49.000000 28.342998 16.842082 0.000000 -0.000000 -0.000000 -0.787034 0.616909
49.100000 28.219254 16.340319 0.000000 -0.000000 -0.000000 -0.786942 0.617027
49.200000 28.087299 15.829595 0.000000 -0.000000 -0.000000 -0.785010 0.619483
49.300000 27.946414 15.321184 0.000000 -0.000000 -0.000000 -0.813520 0.581537
49.400000 27.718897 14.835120 0.000000 -0.000000 -0.000000 -0.823730 0.566983
49.500000 27.525997 14.359967 0.000000 -0.000000 -0.000000 -0.840194 0.542287
49.600000 27.290082 13.854972 0.000000 -0.000000 -0.000000 -0.855172 0.518345
49.700000 27.049375 13.441710 0.000000 -0.000000 -0.000000 -0.863452 0.504430
49.800000 26.789806 13.001424 0.000000 -0.000000 -0.000000 -0.879143 0.476559
49.900000 26.445016 12.520584 0.000000 -0.000000 -0.000000 -0.877576 0.479438
50.000000 26.164299 12.080575 0.000000 -0.000000 -0.000000 -0.873630 0.486590
50.100000 25.843015 11.596854 0.000000 -0.000000 -0.000000 -0.856019 0.516945
50.200000 25.606929 11.179262 0.000000 -0.000000 -0.000000 -0.842258 0.539075
50.300000 25.412689 10.647354 0.000000 -0.000000 -0.000000 -0.797447 0.603389
50.400000 25.262001 10.159892 0.000000 -0.000000 -0.000000 -0.746899 0.664937
50.500000 25.248954 9.893376 0.000000 -0.000000 -0.000000 -0.712611 0.701559
50.600000 25.306948 9.337261 0.000000 -0.000000 -0.000000 -0.612142 0.790748
50.700000 25.437111 8.859828 0.000000 -0.000000 -0.000000 -0.533770 0.845630
50.800000 25.663498 8.426941 0.000000 -0.000000 -0.000000 -0.497591 0.867412
50.900000 25.875781 8.018846 0.000000 -0.000000 -0.000000 -0.583729 0.811949
51.000000 25.926048 7.618022 0.000000 -0.000000 -0.000000 -0.707845 0.706368
51.100000 25.897193 7.220614 0.000000 -0.000000 -0.000000 -0.803244 0.595650
51.200000 25.724771 6.829652 0.000000 -0.000000 -0.000000 -0.910771 0.412911
51.300000 25.415160 6.558230 0.000000 -0.000000 -0.000000 -0.970140 0.242545
51.400000 25.021229 6.423839 0.000000 -0.000000 -0.000000 -0.982272 0.187460
51.500000 24.574011 6.249710 0.000000 -0.000000 -0.000000 -0.985887 0.167413
51.600000 24.086240 6.114104 0.000000 -0.000000 -0.000000 -0.983716 0.179728
51.700000 23.655916 5.925053 0.000000 -0.000000 -0.000000 -0.957442 0.288625
51.800000 23.478111 5.770458 0.000000 -0.000000 -0.000000 -0.932248 0.361821
51.900000 23.327164 5.578488 0.000000 -0.000000 -0.000000 -0.890092 0.455780
52.000000 23.113118 5.152150 0.000000 -0.000000 -0.000000 -0.754681 0.656092
52.100000 23.088930 4.710623 0.000000 -0.000000 -0.000000 -0.615612 0.788049
52.200000 23.247146 4.310925 0.000000 -0.000000 -0.000000 -0.568870 0.822428
52.300000 23.340293 3.914660 0.000000 -0.000000 -0.000000 -0.689215 0.724557
52.400000 23.298909 3.499280 0.000000 -0.000000 -0.000000 -0.824268 0.566200
52.500000 23.105269 3.151764 0.000000 -0.000000 -0.000000 -0.880678 0.473715
52.600000 22.843548 2.776078 0.000000 -0.000000 -0.000000 -0.856417 0.516285
52.700000 22.697783 2.625781 0.000000 -0.000000 -0.000000 -0.796882 0.604135
52.800000 22.635352 2.423609 0.000000 -0.000000 -0.000000 -0.722527 0.691343
52.900000 22.642846 2.212080 0.000000 -0.000000 -0.000000 -0.667218 0.744863
53.000000 22.747713 1.744756 0.000000 -0.000000 -0.000000 -0.584136 0.811656
53.100000 22.816055 1.520064 0.000000 -0.000000 -0.000000 -0.577937 0.816082
53.200000 22.880101 1.289188 0.000000 -0.000000 -0.000000 -0.537165 0.843477
53.300000 22.984495 1.076691 0.000000 -0.000000 -0.000000 -0.438203 0.898876
53.400000 23.130308 0.893794 0.000000 -0.000000 -0.000000 -0.326593 0.945165
53.500000 23.315512 0.713927 0.000000 -0.000000 -0.000000 -0.211007 0.977485
53.600000 23.514999 0.644339 0.000000 -0.000000 -0.000000 -0.087703 0.996147
53.700000 23.761948 0.623818 0.000000 0.000000 0.000000 0.040541 0.999178
53.800000 24.151861 0.663498 0.000000 0.000000 0.000000 0.111216 0.993796
53.900000 24.552523 0.734152 0.000000 0.000000 0.000000 0.017119 0.999853
54.000000 24.979153 0.729401 0.000000 -0.000000 -0.000000 -0.084097 0.996458
54.100000 25.396389 0.649857 0.000000 -0.000000 -0.000000 -0.137285 0.990532
54.200000 25.832604 0.487531 0.000000 -0.000000 -0.000000 -0.225929 0.974144
54.300000 26.267985 0.227065 0.000000 -0.000000 -0.000000 -0.302446 0.953166
54.400000 26.666603 -0.075959 0.000000 -0.000000 -0.000000 -0.381543 0.924351
54.500000 27.019727 -0.457567 0.000000 -0.000000 -0.000000 -0.464141 0.885762
54.600000 27.305224 -0.898298 0.000000 -0.000000 -0.000000 -0.511875 0.859060
54.700000 27.544280 -1.380259 0.000000 -0.000000 -0.000000 -0.599354 0.800484
54.800000 27.580145 -1.934746 0.000000 -0.000000 -0.000000 -0.666880 0.745165
54.900000 27.624474 -2.461254 0.000000 -0.000000 -0.000000 -0.712396 0.701778
55.000000 27.578148 -3.025353 0.000000 -0.000000 -0.000000 -0.791643 0.610984
55.100000 27.421340 -3.468486 0.000000 -0.000000 -0.000000 -0.849291 0.527926
55.200000 27.146146 -3.914087 0.000000 -0.000000 -0.000000 -0.903341 0.428923
55.300000 26.774992 -4.301754 0.000000 -0.000000 -0.000000 -0.929446 0.368959
55.400000 26.392129 -4.664586 0.000000 -0.000000 -0.000000 -0.928544 0.371222
55.500000 26.011563 -5.027413 0.000000 -0.000000 -0.000000 -0.924431 0.381349
55.600000 25.584438 -5.427596 0.000000 -0.000000 -0.000000 -0.931355 0.364113
55.700000 25.205128 -5.734873 0.000000 -0.000000 -0.000000 -0.928062 0.372425
55.800000 24.825443 -6.097870 0.000000 -0.000000 -0.000000 -0.929936 0.367722
55.900000 24.444419 -6.456165 0.000000 -0.000000 -0.000000 -0.930141 0.367202
56.000000 24.017552 -6.846463 0.000000 -0.000000 -0.000000 -0.927050 0.374937
56.100000 23.660332 -7.156493 0.000000 -0.000000 -0.000000 -0.917025 0.398830
56.200000 23.295640 -7.544956 0.000000 -0.000000 -0.000000 -0.885938 0.463803
56.300000 23.012058 -7.960926 0.000000 -0.000000 -0.000000 -0.874763 0.484551
56.400000 22.879252 -8.186154 0.000000 -0.000000 -0.000000 -0.838031 0.545623
56.500000 22.736817 -8.414389 0.000000 -0.000000 -0.000000 -0.791127 0.611652
56.600000 22.687550 -8.663364 0.000000 -0.000000 -0.000000 -0.732395 0.680880
56.700000 22.686160 -8.926719 0.000000 -0.000000 -0.000000 -0.670596 0.741822
56.800000 22.681587 -9.167501 0.000000 -0.000000 -0.000000 -0.606813 0.794845
56.900000 22.763281 -9.451959 0.000000 -0.000000 -0.000000 -0.535927 0.844264
57.000000 23.000395 -9.915068 0.000000 -0.000000 -0.000000 -0.421516 0.906821
57.100000 23.340164 -10.308936 0.000000 -0.000000 -0.000000 -0.363762 0.931492
57.200000 23.716834 -10.650278 0.000000 -0.000000 -0.000000 -0.334921 0.942246
57.300000 24.114857 -10.981746 0.000000 -0.000000 -0.000000 -0.343723 0.939071
57.400000 24.478293 -11.348762 0.000000 -0.000000 -0.000000 -0.419387 0.907808
57.500000 24.785243 -11.744312 0.000000 -0.000000 -0.000000 -0.476167 0.879355
57.600000 25.056172 -12.219971 0.000000 -0.000000 -0.000000 -0.504523 0.863398
57.700000 25.286364 -12.669339 0.000000 -0.000000 -0.000000 -0.504455 0.863438
57.800000 25.406180 -12.898664 0.000000 -0.000000 -0.000000 -0.506045 0.862507
57.900000 25.646813 -13.302080 0.000000 -0.000000 -0.000000 -0.473329 0.880886
58.000000 25.905253 -13.669252 0.000000 -0.000000 -0.000000 -0.438518 0.898722
58.100000 26.000794 -13.850576 0.000000 -0.000000 -0.000000 -0.360848 0.932625
58.200000 26.158214 -13.983433 0.000000 -0.000000 -0.000000 -0.275138 0.961405
58.300000 26.343721 -14.097488 0.000000 -0.000000 -0.000000 -0.166281 0.986078
58.400000 26.577441 -14.157939 0.000000 -0.000000 -0.000000 -0.076121 0.997099
58.500000 26.959775 -14.205742 0.000000 -0.000000 -0.000000 -0.017725 0.999843
58.600000 27.327480 -14.231149 0.000000 -0.000000 -0.000000 -0.115891 0.993262
58.700000 27.665934 -14.380159 0.000000 -0.000000 -0.000000 -0.326999 0.945025
58.800000 27.853171 -14.643960 0.000000 -0.000000 -0.000000 -0.629096 0.777328
58.900000 27.856570 -14.993847 0.000000 -0.000000 -0.000000 -0.830523 0.556984
59.000000 27.680888 -15.197656 0.000000 -0.000000 -0.000000 -0.925899 0.377771
59.100000 27.397500 -15.419122 0.000000 -0.000000 -0.000000 -0.952796 0.303612
59.200000 27.104931 -15.625151 0.000000 -0.000000 -0.000000 -0.951839 0.306599
59.300000 26.772515 -15.856269 0.000000 -0.000000 -0.000000 -0.959385 0.282101
59.400000 26.372593 -16.063223 0.000000 -0.000000 -0.000000 -0.967492 0.252900
59.500000 25.988016 -16.292731 0.000000 -0.000000 -0.000000 -0.959836 0.280561
59.600000 25.644432 -16.555042 0.000000 -0.000000 -0.000000 -0.953960 0.299933
59.700000 25.278404 -16.841852 0.000000 -0.000000 -0.000000 -0.930541 0.366187
59.800000 24.937623 -17.160444 0.000000 -0.000000 -0.000000 -0.874321 0.485349
59.900000 24.831602 -17.353000 0.000000 -0.000000 -0.000000 -0.842521 0.538663
60.000000 24.717986 -17.540221 0.000000 -0.000000 -0.000000 -0.787858 0.615856
60.100000 24.697057 -17.750633 0.000000 -0.000000 -0.000000 -0.712826 0.701341
60.200000 24.702150 -17.982241 0.000000 -0.000000 -0.000000 -0.625039 0.780594
60.300000 24.777088 -18.175360 0.000000 -0.000000 -0.000000 -0.532997 0.846117
60.400000 24.985130 -18.569031 0.000000 -0.000000 -0.000000 -0.443623 0.896214
60.500000 25.282981 -18.885624 0.000000 -0.000000 -0.000000 -0.408527 0.912746
60.600000 25.586771 -19.229085 0.000000 -0.000000 -0.000000 -0.404073 0.914727
60.700000 25.875256 -19.632290 0.000000 -0.000000 -0.000000 -0.428678 0.903457
60.800000 26.160541 -19.979906 0.000000 -0.000000 -0.000000 -0.435951 0.899970
60.900000 26.426991 -20.314716 0.000000 -0.000000 -0.000000 -0.433477 0.901165
61.000000 26.685906 -20.639424 0.000000 -0.000000 -0.000000 -0.433433 0.901186
61.100000 26.911183 -20.990821 0.000000 -0.000000 -0.000000 -0.441409 0.897306
61.200000 27.143167 -21.302047 0.000000 -0.000000 -0.000000 -0.461332 0.887228
61.300000 27.369009 -21.624368 0.000000 -0.000000 -0.000000 -0.476311 0.879277
61.400000 27.567004 -21.950837 0.000000 -0.000000 -0.000000 -0.514220 0.857658
61.500000 27.724160 -22.312715 0.000000 -0.000000 -0.000000 -0.521273 0.853390
61.600000 27.896104 -22.591098 0.000000 -0.000000 -0.000000 -0.448170 0.893949
61.700000 28.110449 -22.824766 0.000000 -0.000000 -0.000000 -0.494394 0.869238
61.800000 28.197592 -23.087496 0.000000 -0.000000 -0.000000 -0.663901 0.747821
61.900000 28.183449 -23.288342 0.000000 -0.000000 -0.000000 -0.831776 0.555112
62.000000 28.033422 -23.483709 0.000000 -0.000000 -0.000000 -0.990241 0.139364
62.100000 27.844288 -23.457365 0.000000 0.000000 0.000000 0.884586 0.466378
62.200000 27.783501 -23.248728 0.000000 0.000000 0.000000 0.678954 0.734181
62.300000 27.840511 -23.081231 0.000000 0.000000 0.000000 0.668687 0.743544
62.400000 27.859718 -22.935983 0.000000 0.000000 0.000000 0.707666 0.706547
62.500000 27.852075 -22.832142 0.000000 0.000000 0.000000 0.762754 0.646689
62.600000 27.825139 -22.675399 0.000000 0.000000 0.000000 0.814055 0.580787
62.700000 27.764525 -22.509042 0.000000 0.000000 0.000000 0.863641 0.504107
62.800000 27.560429 -22.194842 0.000000 0.000000 0.000000 0.917983 0.396619
62.900000 27.411136 -22.049455 0.000000 0.000000 0.000000 0.940265 0.340444
63.000000 27.063007 -21.828453 0.000000 0.000000 0.000000 0.985569 0.169276
63.100000 26.651106 -21.733654 0.000000 -0.000000 -0.000000 -0.999990 0.004478
63.200000 26.446339 -21.712004 0.000000 -0.000000 -0.000000 -0.989083 0.147361
63.300000 26.231595 -21.779614 0.000000 -0.000000 -0.000000 -0.964250 0.264993
63.400000 26.031692 -21.905594 0.000000 -0.000000 -0.000000 -0.930695 0.365796
63.500000 25.737344 -22.184374 0.000000 -0.000000 -0.000000 -0.889948 0.456062
63.600000 25.418359 -22.605714 0.000000 -0.000000 -0.000000 -0.880142 0.474710
63.700000 25.185713 -22.967874 0.000000 -0.000000 -0.000000 -0.861939 0.507011
63.800000 24.950489 -23.419539 0.000000 -0.000000 -0.000000 -0.863157 0.504936
63.900000 24.694833 -23.786462 0.000000 -0.000000 -0.000000 -0.860234 0.509899
64.000000 24.477651 -24.136019 0.000000 -0.000000 -0.000000 -0.889398 0.457133
64.100000 24.233016 -24.427060 0.000000 -0.000000 -0.000000 -0.957699 0.287773
64.200000 23.804979 -24.546982 0.000000 -0.000000 -0.000000 -0.996821 0.079669
64.300000 23.497131 -24.596348 0.000000 0.000000 0.000000 0.995200 0.097865
64.400000 23.079364 -24.441063 0.000000 0.000000 0.000000 0.981527 0.191321
64.500000 22.654089 -24.279640 0.000000 0.000000 0.000000 0.985073 0.172137
64.600000 22.193509 -24.104692 0.000000 0.000000 0.000000 0.981254 0.192720
64.700000 21.743518 -23.902284 0.000000 0.000000 0.000000 0.969133 0.246539
64.800000 21.377123 -23.598168 0.000000 0.000000 0.000000 0.938728 0.344658
64.900000 20.995085 -23.269566 0.000000 0.000000 0.000000 0.869650 0.493669
65.000000 20.797265 -22.812730 0.000000 0.000000 0.000000 0.781913 0.623387
65.100000 20.745591 -22.332528 0.000000 0.000000 0.000000 0.703403 0.710792
65.200000 20.784921 -21.818268 0.000000 0.000000 0.000000 0.619217 0.785220
65.300000 20.855068 -21.557812 0.000000 0.000000 0.000000 0.596813 0.802381
65.400000 20.998440 -21.101365 0.000000 0.000000 0.000000 0.583825 0.811879
65.500000 21.217516 -20.666152 0.000000 0.000000 0.000000 0.520244 0.854018
65.600000 21.486592 -20.253496 0.000000 0.000000 0.000000 0.446114 0.894976
65.700000 21.793720 -19.866560 0.000000 0.000000 0.000000 0.386786 0.922170
65.800000 22.183316 -19.512944 0.000000 0.000000 0.000000 0.310929 0.950433
65.900000 22.421504 -19.382231 0.000000 0.000000 0.000000 0.312595 0.949886
66.000000 22.835835 -19.095300 0.000000 0.000000 0.000000 0.282562 0.959249
66.100000 23.270728 -18.837432 0.000000 0.000000 0.000000 0.244998 0.969524
66.200000 23.739472 -18.613262 0.000000 0.000000 0.000000 0.271668 0.962391
66.300000 23.941625 -18.487642 0.000000 0.000000 0.000000 0.330327 0.943866
66.400000 24.126959 -18.335313 0.000000 0.000000 0.000000 0.398480 0.917177
66.500000 24.285082 -18.191608 0.000000 0.000000 0.000000 0.496030 0.868305
66.600000 24.371870 -18.011943 0.000000 0.000000 0.000000 0.603297 0.797517
66.700000 24.405541 -17.785385 0.000000 0.000000 0.000000 0.709350 0.704856
66.800000 24.420902 -17.630789 0.000000 0.000000 0.000000 0.825521 0.564371
66.900000 24.339191 -17.443898 0.000000 0.000000 0.000000 0.913149 0.407625
67.000000 24.239703 -17.365420 0.000000 0.000000 0.000000 0.966558 0.256449
67.100000 24.110132 -17.284521 0.000000 0.000000 0.000000 0.993762 0.111517
67.200000 23.949286 -17.250779 0.000000 -0.000000 -0.000000 -0.998933 0.046181
67.300000 23.782939 -17.274600 0.000000 -0.000000 -0.000000 -0.980104 0.198486
67.400000 23.617559 -17.352622 0.000000 -0.000000 -0.000000 -0.950703 0.310102
67.500000 23.295187 -17.569050 0.000000 -0.000000 -0.000000 -0.922665 0.385602
67.600000 22.979602 -17.915469 0.000000 -0.000000 -0.000000 -0.904229 0.427049
67.700000 22.664106 -18.265650 0.000000 -0.000000 -0.000000 -0.886553 0.462627
67.800000 22.372069 -18.732048 0.000000 -0.000000 -0.000000 -0.877619 0.479359
67.900000 22.096510 -19.176417 0.000000 -0.000000 -0.000000 -0.863438 0.504455
68.000000 21.832227 -19.618090 0.000000 -0.000000 -0.000000 -0.850038 0.526721
68.100000 21.611647 -20.129318 0.000000 -0.000000 -0.000000 -0.829281 0.558832
68.200000 21.419771 -20.616104 0.000000 -0.000000 -0.000000 -0.803310 0.595561
68.300000 21.267757 -21.120787 0.000000 -0.000000 -0.000000 -0.793692 0.608320
68.400000 21.136266 -21.613825 0.000000 -0.000000 -0.000000 -0.794786 0.606889
68.500000 20.972889 -22.111320 0.000000 -0.000000 -0.000000 -0.763121 0.646256
68.600000 20.879537 -22.640242 0.000000 -0.000000 -0.000000 -0.780290 0.625418
68.700000 20.729967 -23.162452 0.000000 -0.000000 -0.000000 -0.832135 0.554573
68.800000 20.505115 -23.627342 0.000000 -0.000000 -0.000000 -0.877738 0.479141
68.900000 20.187515 -24.035326 0.000000 -0.000000 -0.000000 -0.927433 0.373990
69.000000 19.817530 -24.392191 0.000000 -0.000000 -0.000000 -0.931649 0.363360
69.100000 19.382026 -24.738031 0.000000 -0.000000 -0.000000 -0.932267 0.361770
69.200000 18.998080 -25.089381 0.000000 -0.000000 -0.000000 -0.933327 0.359027
69.300000 18.616228 -25.426604 0.000000 -0.000000 -0.000000 -0.935098 0.354390
69.400000 18.235462 -25.767037 0.000000 -0.000000 -0.000000 -0.936460 0.350774
69.500000 18.042120 -25.948701 0.000000 -0.000000 -0.000000 -0.930323 0.366742
69.600000 17.855119 -26.119690 0.000000 -0.000000 -0.000000 -0.909339 0.416056
69.700000 17.542329 -26.522908 0.000000 -0.000000 -0.000000 -0.850247 0.526384
69.800000 17.391860 -26.775529 0.000000 -0.000000 -0.000000 -0.813073 0.582161
69.900000 17.233940 -27.511073 0.000000 -0.000000 -0.000000 -0.755984 0.654590
70.000000 17.207825 -27.728174 0.000000 -0.000000 -0.000000 -0.764882 0.644170
70.100000 17.103486 -28.180276 0.000000 -0.000000 -0.000000 -0.858832 0.512257
70.200000 16.827646 -28.533278 0.000000 -0.000000 -0.000000 -0.940140 0.340790
70.300000 16.421150 -28.759792 0.000000 -0.000000 -0.000000 -0.988231 0.152969
70.400000 16.022569 -28.838861 0.000000 -0.000000 -0.000000 -0.999518 0.031035
70.500000 15.771730 -28.872653 0.000000 -0.000000 -0.000000 -0.999051 0.043552
70.600000 15.546282 -28.866771 0.000000 -0.000000 -0.000000 -0.992055 0.125803
70.700000 15.133772 -29.045002 0.000000 -0.000000 -0.000000 -0.970937 0.239333
70.800000 14.907852 -29.157147 0.000000 -0.000000 -0.000000 -0.970903 0.239474
70.900000 14.532633 -29.333907 0.000000 -0.000000 -0.000000 -0.983927 0.178573
71.000000 14.108150 -29.412773 0.000000 -0.000000 -0.000000 -0.999863 0.016527
71.100000 13.736388 -29.362262 0.000000 0.000000 0.000000 0.979155 0.203116
71.200000 13.362677 -29.163658 0.000000 0.000000 0.000000 0.979704 0.200450
71.300000 13.226495 -29.099516 0.000000 0.000000 0.000000 0.990733 0.135823
71.400000 12.873634 -29.018982 0.000000 0.000000 0.000000 0.999734 0.023071
71.500000 12.484545 -29.022526 0.000000 -0.000000 -0.000000 -0.999490 0.031942
71.600000 12.098848 -29.023935 0.000000 -0.000000 -0.000000 -0.995489 0.094873
71.700000 11.708237 -29.124080 0.000000 -0.000000 -0.000000 -0.990639 0.136504
71.800000 11.300084 -29.218616 0.000000 -0.000000 -0.000000 -0.986513 0.163683
71.900000 10.929536 -29.354702 0.000000 -0.000000 -0.000000 -0.973488 0.228739
72.000000 10.561428 -29.567300 0.000000 -0.000000 -0.000000 -0.952169 0.305573
72.100000 10.255284 -29.825133 0.000000 -0.000000 -0.000000 -0.930995 0.365032
72.200000 10.077235 -29.971943 0.000000 -0.000000 -0.000000 -0.897415 0.441187
72.300000 9.960733 -30.120805 0.000000 -0.000000 -0.000000 -0.846045 0.533112
72.400000 9.820941 -30.483252 0.000000 -0.000000 -0.000000 -0.724723 0.689041
72.500000 9.828958 -30.842911 0.000000 -0.000000 -0.000000 -0.625670 0.780088
72.600000 9.929120 -31.205786 0.000000 -0.000000 -0.000000 -0.566061 0.824363
72.700000 10.072319 -31.531230 0.000000 -0.000000 -0.000000 -0.516186 0.856477
72.800000 10.161840 -31.694907 0.000000 -0.000000 -0.000000 -0.466944 0.884287
72.900000 10.256237 -31.834312 0.000000 -0.000000 -0.000000 -0.385947 0.922521
73.000000 10.375072 -31.950834 0.000000 -0.000000 -0.000000 -0.285907 0.958258
73.100000 10.507017 -32.027768 0.000000 -0.000000 -0.000000 -0.168353 0.985727
73.200000 10.658676 -32.072674 0.000000 -0.000000 -0.000000 -0.045860 0.998948
73.300000 10.853604 -32.087216 0.000000 0.000000 0.000000 0.077408 0.996999
73.400000 10.978720 -32.080166 0.000000 0.000000 0.000000 0.182382 0.983228
73.500000 11.116076 -31.991993 0.000000 0.000000 0.000000 0.296530 0.955024
73.600000 11.225838 -31.881538 0.000000 0.000000 0.000000 0.421596 0.906784
73.700000 11.328687 -31.767039 0.000000 0.000000 0.000000 0.529891 0.848066
73.800000 11.390154 -31.673398 0.000000 0.000000 0.000000 0.610782 0.791799
73.900000 11.431145 -31.509231 0.000000 0.000000 0.000000 0.705638 0.708572
74.000000 11.438638 -31.301767 0.000000 0.000000 0.000000 0.772719 0.634748
74.100000 11.400767 -31.145013 0.000000 0.000000 0.000000 0.821769 0.569820
74.200000 11.330444 -30.983683 0.000000 0.000000 0.000000 0.863936 0.503602
74.300000 11.142899 -30.666814 0.000000 0.000000 0.000000 0.880126 0.474739
74.400000 10.937538 -30.306807 0.000000 0.000000 0.000000 0.841230 0.540677
74.500000 10.825366 -29.920599 0.000000 0.000000 0.000000 0.783473 0.621425
74.600000 10.778245 -29.496048 0.000000 0.000000 0.000000 0.770064 0.637967
74.700000 10.751136 -29.063228 0.000000 0.000000 0.000000 0.755368 0.655300
74.800000 10.681947 -28.597796 0.000000 0.000000 0.000000 0.758608 0.651547
74.900000 10.646911 -28.157815 0.000000 0.000000 0.000000 0.807814 0.589438
75.000000 10.499005 -27.722092 0.000000 0.000000 0.000000 0.791587 0.611057
75.100000 10.441060 -27.284187 0.000000 0.000000 0.000000 0.738946 0.673765
75.200000 10.404934 -26.842767 0.000000 0.000000 0.000000 0.729566 0.683910
75.300000 10.402796 -26.401036 0.000000 0.000000 0.000000 0.747453 0.664314
75.400000 10.394242 -26.196686 0.000000 0.000000 0.000000 0.770867 0.636996
75.500000 10.309809 -25.762795 0.000000 0.000000 0.000000 0.831614 0.555354
75.600000 10.229789 -25.583437 0.000000 0.000000 0.000000 0.859153 0.511719
75.700000 10.137961 -25.431198 0.000000 0.000000 0.000000 0.887879 0.460077
75.800000 9.927717 -25.129456 0.000000 0.000000 0.000000 0.937749 0.347312
75.900000 9.804834 -25.039372 0.000000 0.000000 0.000000 0.958121 0.286364
76.000000 9.685908 -24.983628 0.000000 0.000000 0.000000 0.973090 0.230427
76.100000 9.404357 -24.851300 0.000000 0.000000 0.000000 0.989438 0.144954
76.200000 9.137426 -24.759237 0.000000 0.000000 0.000000 0.980213 0.197944
76.300000 8.906303 -24.590044 0.000000 0.000000 0.000000 0.961440 0.275013
76.400000 8.684654 -24.430955 0.000000 0.000000 0.000000 0.941565 0.336832
76.500000 8.494234 -24.250070 0.000000 0.000000 0.000000 0.918179 0.396165
76.600000 8.331809 -24.028272 0.000000 0.000000 0.000000 0.898630 0.438707
76.700000 8.141148 -23.776992 0.000000 0.000000 0.000000 0.884993 0.465605
76.800000 7.965502 -23.490929 0.000000 0.000000 0.000000 0.862860 0.505443
76.900000 7.862827 -23.187037 0.000000 0.000000 0.000000 0.829489 0.558524
77.000000 7.732439 -22.852184 0.000000 0.000000 0.000000 0.811153 0.584834
77.100000 7.627585 -22.488202 0.000000 0.000000 0.000000 0.768965 0.639290
77.200000 7.567131 -22.094338 0.000000 0.000000 0.000000 0.706104 0.708108
77.300000 7.627012 -21.732497 0.000000 0.000000 0.000000 0.683478 0.729971
77.400000 7.708006 -21.363754 0.000000 0.000000 0.000000 0.576548 0.817063
77.500000 7.906673 -21.026237 0.000000 0.000000 0.000000 0.451809 0.892115
77.600000 8.138488 -20.716908 0.000000 0.000000 0.000000 0.427665 0.903937
77.700000 8.405147 -20.417127 0.000000 0.000000 0.000000 0.400265 0.916399
77.800000 8.720286 -20.105677 0.000000 0.000000 0.000000 0.459566 0.888144
77.900000 8.811374 -19.954272 0.000000 0.000000 0.000000 0.499155 0.866513
78.000000 8.909928 -19.747908 0.000000 0.000000 0.000000 0.571156 0.820842
78.100000 9.042427 -19.336269 0.000000 0.000000 0.000000 0.649173 0.760640
78.200000 9.068469 -19.127568 0.000000 0.000000 0.000000 0.684100 0.729388
78.300000 9.111532 -18.940861 0.000000 0.000000 0.000000 0.728122 0.685447
78.400000 9.081717 -18.751189 0.000000 0.000000 0.000000 0.788848 0.614588
78.500000 9.034919 -18.531087 0.000000 0.000000 0.000000 0.859430 0.511253
78.600000 8.913854 -18.397308 0.000000 0.000000 0.000000 0.907792 0.419421
78.700000 8.810876 -18.268649 0.000000 0.000000 0.000000 0.947718 0.319110
78.800000 8.685993 -18.170654 0.000000 0.000000 0.000000 0.976039 0.217597
78.900000 8.393325 -18.083723 0.000000 0.000000 0.000000 0.986565 0.163366
79.000000 8.122657 -17.916257 0.000000 0.000000 0.000000 0.961821 0.273678
79.100000 7.864182 -17.763815 0.000000 0.000000 0.000000 0.920309 0.391193
79.200000 7.675177 -17.487149 0.000000 0.000000 0.000000 0.851530 0.524305
79.300000 7.551307 -17.121968 0.000000 0.000000 0.000000 0.781485 0.623924
79.400000 7.542380 -16.791413 0.000000 0.000000 0.000000 0.697340 0.716741
79.500000 7.557516 -16.462758 0.000000 0.000000 0.000000 0.659891 0.751362
79.600000 7.651723 -16.148531 0.000000 0.000000 0.000000 0.649008 0.760781
79.700000 7.702229 -15.780139 0.000000 0.000000 0.000000 0.654490 0.756071
79.800000 7.753205 -15.390582 0.000000 0.000000 0.000000 0.726468 0.687200
79.900000 7.738674 -15.181950 0.000000 0.000000 0.000000 0.775410 0.631458
80.000000 7.671959 -14.975798 0.000000 0.000000 0.000000 0.816704 0.577057
80.100000 7.558167 -14.584576 0.000000 0.000000 0.000000 0.862846 0.505466
80.200000 7.311264 -14.198528 0.000000 0.000000 0.000000 0.896778 0.442481
80.300000 7.002593 -13.822843 0.000000 0.000000 0.000000 0.908713 0.417421
80.400000 6.695727 -13.388181 0.000000 0.000000 0.000000 0.887976 0.459890
80.500000 6.412290 -12.977210 0.000000 0.000000 0.000000 0.874140 0.485674
80.600000 6.146599 -12.539456 0.000000 0.000000 0.000000 0.857434 0.514594
80.700000 5.922367 -12.052668 0.000000 0.000000 0.000000 0.861552 0.507669
80.800000 5.693489 -11.617002 0.000000 0.000000 0.000000 0.885427 0.464778
80.900000 5.398640 -11.208792 0.000000 0.000000 0.000000 0.909758 0.415140
81.000000 5.046392 -10.837517 0.000000 0.000000 0.000000 0.931326 0.364186
81.100000 4.666617 -10.490001 0.000000 0.000000 0.000000 0.934617 0.355657
81.200000 4.304858 -10.150943 0.000000 0.000000 0.000000 0.917383 0.398005
81.300000 3.972815 -9.722493 0.000000 0.000000 0.000000 0.899882 0.436134
81.400000 3.672247 -9.305544 0.000000 0.000000 0.000000 0.881784 0.471654
81.500000 3.436965 -8.872797 0.000000 0.000000 0.000000 0.836837 0.547453
81.600000 3.255181 -8.369797 0.000000 0.000000 0.000000 0.739006 0.673699
81.700000 3.290103 -7.877968 0.000000 0.000000 0.000000 0.583324 0.812240
81.800000 3.538677 -7.448085 0.000000 0.000000 0.000000 0.461623 0.887076
81.900000 3.682710 -7.218609 0.000000 0.000000 0.000000 0.448284 0.893891
82.000000 3.986770 -6.813188 0.000000 0.000000 0.000000 0.402441 0.915446
82.100000 4.202729 -6.600215 0.000000 0.000000 0.000000 0.372229 0.928141
82.200000 4.568639 -6.252706 0.000000 0.000000 0.000000 0.369684 0.929158
82.300000 4.949052 -5.895604 0.000000 0.000000 0.000000 0.357538 0.933899
82.400000 5.379447 -5.557436 0.000000 0.000000 0.000000 0.338497 0.940968
82.500000 5.774601 -5.232886 0.000000 0.000000 0.000000 0.338941 0.940808
82.600000 6.174645 -4.915007 0.000000 0.000000 0.000000 0.337249 0.941415
82.700000 6.597270 -4.584376 0.000000 0.000000 0.000000 0.309835 0.950790
82.800000 7.013830 -4.287929 0.000000 0.000000 0.000000 0.291764 0.956490
82.900000 7.455007 -4.017323 0.000000 0.000000 0.000000 0.210801 0.977529
83.000000 7.957437 -3.791873 0.000000 0.000000 0.000000 0.110986 0.993822
83.100000 8.470285 -3.734467 0.000000 -0.000000 -0.000000 -0.007461 0.999972
83.200000 8.956321 -3.804379 0.000000 -0.000000 -0.000000 -0.183982 0.982930
83.300000 9.425328 -4.015244 0.000000 -0.000000 -0.000000 -0.318979 0.947762
83.400000 9.809880 -4.406155 0.000000 -0.000000 -0.000000 -0.413810 0.910363
83.500000 10.176641 -4.857643 0.000000 -0.000000 -0.000000 -0.435936 0.899978
83.600000 10.500183 -5.270214 0.000000 -0.000000 -0.000000 -0.444624 0.895717
83.700000 10.738316 -5.615476 0.000000 -0.000000 -0.000000 -0.438919 0.898527
83.800000 11.135057 -6.092147 0.000000 -0.000000 -0.000000 -0.430656 0.902516
83.900000 11.464558 -6.503137 0.000000 -0.000000 -0.000000 -0.438613 0.898676
84.000000 11.793946 -6.894687 0.000000 -0.000000 -0.000000 -0.427886 0.903833
84.100000 12.102800 -7.335539 0.000000 -0.000000 -0.000000 -0.417922 0.908483
84.200000 12.408981 -7.670247 0.000000 -0.000000 -0.000000 -0.419512 0.907750
84.300000 12.783089 -8.131570 0.000000 -0.000000 -0.000000 -0.413655 0.910434
84.400000 13.117309 -8.515913 0.000000 -0.000000 -0.000000 -0.412510 0.910953
84.500000 13.452767 -8.907349 0.000000 -0.000000 -0.000000 -0.417021 0.908897
84.600000 13.792461 -9.301243 0.000000 -0.000000 -0.000000 -0.423922 0.905699
84.700000 14.114303 -9.690569 0.000000 -0.000000 -0.000000 -0.432040 0.901854
84.800000 14.431292 -10.090208 0.000000 -0.000000 -0.000000 -0.440601 0.897703
84.900000 14.743458 -10.492907 0.000000 -0.000000 -0.000000 -0.442461 0.896788
85.000000 15.048797 -10.896586 0.000000 -0.000000 -0.000000 -0.449209 0.893426
85.100000 15.371100 -11.340800 0.000000 -0.000000 -0.000000 -0.440682 0.897663
85.200000 15.688938 -11.710032 0.000000 -0.000000 -0.000000 -0.357045 0.934087
85.300000 16.035585 -12.016372 0.000000 -0.000000 -0.000000 -0.260186 0.965559
85.400000 16.268166 -12.154807 0.000000 -0.000000 -0.000000 -0.210234 0.977651
85.500000 16.706055 -12.313961 0.000000 -0.000000 -0.000000 -0.137264 0.990534
85.600000 17.161635 -12.455990 0.000000 -0.000000 -0.000000 -0.073167 0.997320
85.700000 17.540325 -12.486372 0.000000 0.000000 0.000000 0.051054 0.998696
85.800000 17.744915 -12.438472 0.000000 0.000000 0.000000 0.128768 0.991675
85.900000 17.897556 -12.387956 0.000000 0.000000 0.000000 0.216987 0.976174
86.000000 18.147109 -12.252340 0.000000 0.000000 0.000000 0.313627 0.949546
86.100000 18.384197 -12.084753 0.000000 0.000000 0.000000 0.331141 0.943581
86.200000 18.604371 -11.902349 0.000000 0.000000 0.000000 0.362900 0.931828
86.300000 18.831291 -11.677130 0.000000 0.000000 0.000000 0.427231 0.904143
86.400000 18.989439 -11.311569 0.000000 0.000000 0.000000 0.862804 0.505538
86.500000 18.905697 -11.289119 0.000000 0.000000 0.000000 0.930231 0.366973
86.600000 18.808717 -11.268463 0.000000 0.000000 0.000000 0.976198 0.216879
86.700000 18.818551 -11.214550 0.000000 0.000000 0.000000 0.999099 0.042450
86.800000 18.707048 -11.231037 0.000000 -0.000000 -0.000000 -0.987684 0.156463
86.900000 18.594033 -11.293318 0.000000 -0.000000 -0.000000 -0.953566 0.301185
87.000000 18.529314 -11.349596 0.000000 -0.000000 -0.000000 -0.931835 0.362882
87.100000 18.383277 -11.484122 0.000000 -0.000000 -0.000000 -0.902217 0.431283
87.200000 18.205309 -11.717608 0.000000 -0.000000 -0.000000 -0.906591 0.422010
87.300000 17.966369 -12.025607 0.000000 -0.000000 -0.000000 -0.939436 0.342725
87.400000 17.579647 -12.229081 0.000000 -0.000000 -0.000000 -0.987332 0.158668
87.500000 16.926770 -12.279707 0.000000 0.000000 0.000000 0.993311 0.115467
87.600000 16.495478 -12.116930 0.000000 0.000000 0.000000 0.960740 0.277451
87.700000 16.075136 -11.794829 0.000000 0.000000 0.000000 0.933894 0.357551
87.800000 15.890934 -11.600489 0.000000 0.000000 0.000000 0.925157 0.379585
87.900000 15.517972 -11.226866 0.000000 0.000000 0.000000 0.916487 0.400065
88.000000 15.183978 -10.793420 0.000000 0.000000 0.000000 0.911411 0.411498
88.100000 14.832465 -10.395934 0.000000 0.000000 0.000000 0.909741 0.415177
88.200000 14.496759 -9.946327 0.000000 0.000000 0.000000 0.914114 0.405458
88.300000 14.170171 -9.561661 0.000000 0.000000 0.000000 0.913490 0.406862
88.400000 13.985147 -9.384193 0.000000 0.000000 0.000000 0.914873 0.403743
88.500000 13.590806 -8.941600 0.000000 0.000000 0.000000 0.914881 0.403723
88.600000 13.279923 -8.560530 0.000000 0.000000 0.000000 0.915154 0.403105
88.700000 12.919746 -8.171484 0.000000 0.000000 0.000000 0.918643 0.395088
88.800000 12.577526 -7.748324 0.000000 0.000000 0.000000 0.916051 0.401063
88.900000 12.233029 -7.310554 0.000000 0.000000 0.000000 0.912462 0.409162
89.000000 11.883538 -6.918852 0.000000 0.000000 0.000000 0.910278 0.413997
89.100000 11.538146 -6.520426 0.000000 0.000000 0.000000 0.904194 0.427122
89.200000 11.220606 -6.072298 0.000000 0.000000 0.000000 0.907934 0.419114
89.300000 10.878485 -5.670904 0.000000 0.000000 0.000000 0.903265 0.429084
89.400000 10.544059 -5.264958 0.000000 0.000000 0.000000 0.905535 0.424271
89.500000 10.217204 -4.837519 0.000000 0.000000 0.000000 0.918873 0.394553
89.600000 9.839209 -4.464167 0.000000 0.000000 0.000000 0.934623 0.355640
89.700000 9.438996 -4.091542 0.000000 0.000000 0.000000 0.965182 0.261579
89.800000 8.976459 -3.866880 0.000000 0.000000 0.000000 0.986894 0.161371
89.900000 8.478001 -3.708112 0.000000 0.000000 0.000000 0.989892 0.141826
90.000000 7.971418 -3.568339 0.000000 0.000000 0.000000 0.989128 0.147056
90.100000 7.454122 -3.351110 0.000000 0.000000 0.000000 0.977601 0.210467
90.200000 6.981034 -3.115277 0.000000 0.000000 0.000000 0.954337 0.298733
90.300000 6.556856 -2.806271 0.000000 0.000000 0.000000 0.945639 0.325219
90.400000 6.188986 -2.465903 0.000000 0.000000 0.000000 0.918778 0.394776
90.500000 5.835920 -2.076028 0.000000 0.000000 0.000000 0.893447 0.449168
90.600000 5.531987 -1.607610 0.000000 0.000000 0.000000 0.896133 0.443786
90.700000 5.196305 -1.198925 0.000000 0.000000 0.000000 0.938903 0.344182
90.800000 5.010804 -1.027413 0.000000 0.000000 0.000000 0.965254 0.261315
90.900000 4.792939 -0.906231 0.000000 0.000000 0.000000 0.980506 0.196489
91.000000 4.312715 -0.725259 0.000000 0.000000 0.000000 0.985623 0.168958
91.100000 3.851540 -0.548032 0.000000 0.000000 0.000000 0.977249 0.212095
91.200000 3.410777 -0.279036 0.000000 0.000000 0.000000 0.953996 0.299818
91.300000 3.001737 0.030742 0.000000 0.000000 0.000000 0.902254 0.431204
91.400000 2.726641 0.451904 0.000000 0.000000 0.000000 0.848674 0.528916
91.500000 2.532937 0.956115 0.000000 0.000000 0.000000 0.767754 0.640745
91.600000 2.515451 1.437370 0.000000 0.000000 0.000000 0.681976 0.731374
91.700000 2.571205 1.944039 0.000000 0.000000 0.000000 0.636894 0.770951
91.800000 2.703331 2.428435 0.000000 0.000000 0.000000 0.558804 0.829299
91.900000 2.931538 2.944052 0.000000 0.000000 0.000000 0.536059 0.844180
92.000000 3.136453 3.396246 0.000000 0.000000 0.000000 0.523899 0.851780
92.100000 3.269126 3.639576 0.000000 0.000000 0.000000 0.524925 0.851148
92.200000 3.495317 4.101032 0.000000 0.000000 0.000000 0.532856 0.846206
92.300000 3.736279 4.552917 0.000000 0.000000 0.000000 0.583788 0.811906
92.400000 3.807773 4.806278 0.000000 0.000000 0.000000 0.609663 0.792661
92.500000 3.925626 5.299259 0.000000 0.000000 0.000000 0.681187 0.732109
92.600000 3.956848 5.605120 0.000000 0.000000 0.000000 0.736656 0.676268
92.700000 3.875976 6.083659 0.000000 0.000000 0.000000 0.783051 0.621958
92.800000 3.786474 6.598981 0.000000 0.000000 0.000000 0.847233 0.531222
92.900000 3.660452 6.810891 0.000000 0.000000 0.000000 0.898077 0.439838
93.000000 3.482816 7.000308 0.000000 0.000000 0.000000 0.935631 0.352980
93.100000 3.299763 7.189621 0.000000 0.000000 0.000000 0.961642 0.274308
93.200000 3.088696 7.270888 0.000000 0.000000 0.000000 0.978074 0.208259
93.300000 2.864502 7.373407 0.000000 0.000000 0.000000 0.991774 0.128003
93.400000 2.366856 7.479097 0.000000 -0.000000 -0.000000 -0.999611 0.027899
93.500000 1.927965 7.400036 0.000000 -0.000000 -0.000000 -0.997638 0.068684
93.600000 1.555557 7.400203 0.000000 0.000000 0.000000 0.999755 0.022115
93.700000 1.291768 7.419634 0.000000 0.000000 0.000000 0.976761 0.214331
93.800000 1.134327 7.586645 0.000000 0.000000 0.000000 0.876254 0.481850
93.900000 1.079402 7.867726 0.000000 0.000000 0.000000 0.479130 0.877744
94.000000 1.238864 8.031878 0.000000 0.000000 0.000000 0.253423 0.967356
94.100000 1.495495 8.116229 0.000000 0.000000 0.000000 0.194118 0.980978
94.200000 1.803949 8.221711 0.000000 0.000000 0.000000 0.082434 0.996597
94.300000 2.135640 8.213208 0.000000 -0.000000 -0.000000 -0.055206 0.998475
94.400000 2.506098 8.173018 0.000000 -0.000000 -0.000000 -0.053910 0.998546
94.500000 2.871074 8.156060 0.000000 0.000000 0.000000 0.001040 0.999999
94.600000 3.217875 8.137608 0.000000 0.000000 0.000000 0.021611 0.999766
94.700000 3.474559 8.097458 0.000000 -0.000000 -0.000000 -0.317192 0.948361
94.800000 3.625615 7.880082 0.000000 -0.000000 -0.000000 -0.552741 0.833353
94.900000 3.722124 7.573233 0.000000 -0.000000 -0.000000 -0.540459 0.841371
95.000000 3.853714 7.294235 0.000000 -0.000000 -0.000000 -0.521660 0.853153
95.100000 4.012850 6.997163 0.000000 -0.000000 -0.000000 -0.471698 0.881760
95.200000 4.245868 6.683148 0.000000 -0.000000 -0.000000 -0.370718 0.928745
95.300000 4.392282 6.552682 0.000000 -0.000000 -0.000000 -0.313045 0.949738
95.400000 4.564150 6.439741 0.000000 -0.000000 -0.000000 -0.229567 0.973293
95.500000 4.750008 6.366443 0.000000 -0.000000 -0.000000 -0.132103 0.991236
95.600000 4.951302 6.286667 0.000000 -0.000000 -0.000000 -0.021015 0.999779
95.700000 5.160990 6.310544 0.000000 0.000000 0.000000 0.092070 0.995753
95.800000 5.578953 6.460583 0.000000 0.000000 0.000000 0.185243 0.982693
95.900000 6.000546 6.652045 0.000000 0.000000 0.000000 0.274936 0.961462
96.000000 6.407256 6.918990 0.000000 0.000000 0.000000 0.327592 0.944819
96.100000 6.822127 7.177329 0.000000 0.000000 0.000000 0.359372 0.933194
96.200000 6.993042 7.352575 0.000000 0.000000 0.000000 0.388549 0.921428
96.300000 7.319485 7.708010 0.000000 0.000000 0.000000 0.515044 0.857163
96.400000 7.508033 8.101603 0.000000 0.000000 0.000000 0.593616 0.804749
96.500000 7.656676 8.479550 0.000000 0.000000 0.000000 0.644371 0.764713
96.600000 7.705785 8.881373 0.000000 0.000000 0.000000 0.706257 0.707956
96.700000 7.703031 9.282288 0.000000 0.000000 0.000000 0.706864 0.707349
96.800000 7.706014 9.492663 0.000000 0.000000 0.000000 0.749216 0.662326
96.900000 7.641243 9.880945 0.000000 0.000000 0.000000 0.828858 0.559460
97.000000 7.504341 10.245315 0.000000 0.000000 0.000000 0.823638 0.567116
97.100000 7.406844 10.622474 0.000000 0.000000 0.000000 0.762872 0.646550
97.200000 7.377824 10.946383 0.000000 0.000000 0.000000 0.602550 0.798081
97.300000 7.514524 11.163431 0.000000 0.000000 0.000000 0.374599 0.927187
97.400000 7.697007 11.299566 0.000000 -0.000000 -0.000000 -0.129537 0.991575
97.500000 7.793150 11.173427 0.000000 -0.000000 -0.000000 -0.806122 0.591750
97.600000 7.717513 10.923513 0.000000 -0.000000 -0.000000 -0.794722 0.606974
97.700000 7.665469 10.651817 0.000000 -0.000000 -0.000000 -0.752182 0.658956
97.800000 7.665097 10.392705 0.000000 -0.000000 -0.000000 -0.684330 0.729172
97.900000 7.685508 10.067084 0.000000 -0.000000 -0.000000 -0.652460 0.757823
98.000000 7.730693 9.716353 0.000000 -0.000000 -0.000000 -0.663299 0.748355
98.100000 7.776084 9.417576 0.000000 -0.000000 -0.000000 -0.713115 0.701047
98.200000 7.746742 9.074268 0.000000 -0.000000 -0.000000 -0.733182 0.680033
98.300000 7.694369 8.775835 0.000000 -0.000000 -0.000000 -0.693940 0.720033
98.400000 7.740995 8.445347 0.000000 -0.000000 -0.000000 -0.653141 0.757236
98.500000 7.778731 8.292146 0.000000 -0.000000 -0.000000 -0.601893 0.798577
98.600000 7.867246 8.035505 0.000000 -0.000000 -0.000000 -0.500759 0.865587
98.700000 7.939214 7.795584 0.000000 -0.000000 -0.000000 -0.563069 0.826410
98.800000 7.999697 7.540991 0.000000 -0.000000 -0.000000 -0.794215 0.607637
98.900000 7.911789 7.333008 0.000000 -0.000000 -0.000000 -0.970390 0.241544
99.000000 7.691584 7.255399 0.000000 -0.000000 -0.000000 -0.975533 0.219853
99.100000 7.418460 7.154184 0.000000 -0.000000 -0.000000 -0.963264 0.268556
99.200000 7.178276 7.044708 0.000000 -0.000000 -0.000000 -0.961720 0.274035
99.300000 6.882850 6.860635 0.000000 -0.000000 -0.000000 -0.959013 0.283362
99.400000 6.556661 6.646476 0.000000 -0.000000 -0.000000 -0.954493 0.298232
99.500000 6.187280 6.380419 0.000000 -0.000000 -0.000000 -0.946413 0.322960
99.600000 5.786712 6.071123 0.000000 -0.000000 -0.000000 -0.947516 0.319709
99.700000 5.382613 5.760704 0.000000 -0.000000 -0.000000 -0.944439 0.328688
99.800000 4.977599 5.426756 0.000000 -0.000000 -0.000000 -0.929413 0.369042
99.900000 4.555544 5.078346 0.000000 -0.000000 -0.000000 -0.911314 0.411713
100.000000 4.235094 4.678886 0.000000 -0.000000 -0.000000 -0.882492 0.470327
100.100000 3.956358 4.237147 0.000000 -0.000000 -0.000000 -0.865238 0.501361
100.200000 3.699293 3.784379 0.000000 -0.000000 -0.000000 -0.855288 0.518153
100.300000 3.449386 3.287071 0.000000 -0.000000 -0.000000 -0.851923 0.523667
100.400000 3.167819 2.841680 0.000000 -0.000000 -0.000000 -0.857394 0.514660
100.500000 2.964104 2.370806 0.000000 -0.000000 -0.000000 -0.875211 0.483741
100.600000 2.650908 1.966703 0.000000 -0.000000 -0.000000 -0.893834 0.448397
100.700000 2.279632 1.590874 0.000000 -0.000000 -0.000000 -0.947323 0.320279
100.800000 1.867626 1.311636 0.000000 -0.000000 -0.000000 -0.976129 0.217190
100.900000 1.385959 1.164151 0.000000 -0.000000 -0.000000 -0.996345 0.085417
101.000000 0.884123 1.101357 0.000000 0.000000 0.000000 0.998016 0.062955
101.100000 0.376502 1.171303 0.000000 0.000000 0.000000 0.993940 0.109928
101.200000 -0.132705 1.341250 0.000000 0.000000 0.000000 0.986151 0.165848
101.300000 -0.594023 1.504662 0.000000 0.000000 0.000000 0.985097 0.172000
101.400000 -1.074910 1.667345 0.000000 0.000000 0.000000 0.992973 0.118344
101.500000 -1.307661 1.723218 0.000000 0.000000 0.000000 0.997033 0.076979
101.600000 -1.802577 1.794901 0.000000 -0.000000 -0.000000 -0.998976 0.045239
101.700000 -2.013185 1.796613 0.000000 -0.000000 -0.000000 -0.994400 0.105684
101.800000 -2.237577 1.731412 0.000000 -0.000000 -0.000000 -0.986799 0.161951
101.900000 -2.618199 1.586675 0.000000 -0.000000 -0.000000 -0.967403 0.253242
102.000000 -3.014437 1.407229 0.000000 -0.000000 -0.000000 -0.974761 0.223250
102.100000 -3.394769 1.269812 0.000000 -0.000000 -0.000000 -0.995861 0.090892
102.200000 -3.757173 1.238669 0.000000 0.000000 0.000000 0.996363 0.085211
102.300000 -4.091677 1.370540 0.000000 0.000000 0.000000 0.953215 0.302292
102.400000 -4.331013 1.599531 0.000000 0.000000 0.000000 0.852825 0.522197
102.500000 -4.404914 1.870470 0.000000 0.000000 0.000000 0.669067 0.743202
102.600000 -4.311273 2.091192 0.000000 0.000000 0.000000 0.393393 0.919370
102.700000 -4.123775 2.231390 0.000000 0.000000 0.000000 0.057709 0.998333
102.800000 -3.885587 2.169697 0.000000 -0.000000 -0.000000 -0.333325 0.942812
102.900000 -3.662001 1.975721 0.000000 -0.000000 -0.000000 -0.361603 0.932332
103.000000 -3.521853 1.834089 0.000000 -0.000000 -0.000000 -0.262279 0.964992
103.100000 -3.368639 1.732330 0.000000 -0.000000 -0.000000 -0.147266 0.989097
103.200000 -3.155212 1.666198 0.000000 -0.000000 -0.000000 -0.027200 0.999630
103.300000 -2.959007 1.665378 0.000000 0.000000 0.000000 0.102807 0.994701
103.400000 -2.556964 1.746643 0.000000 0.000000 0.000000 0.156318 0.987707
103.500000 -2.124638 1.828841 0.000000 -0.000000 -0.000000 -0.045767 0.998952
103.600000 -1.737041 1.684264 0.000000 -0.000000 -0.000000 -0.253345 0.967376
103.700000 -1.359319 1.422604 0.000000 -0.000000 -0.000000 -0.422469 0.906377
103.800000 -1.127757 1.093012 0.000000 -0.000000 -0.000000 -0.539815 0.841784
103.900000 -0.978560 0.715825 0.000000 -0.000000 -0.000000 -0.504705 0.863292
104.000000 -0.910173 0.568281 0.000000 -0.000000 -0.000000 -0.424149 0.905592
104.100000 -0.803195 0.484233 0.000000 -0.000000 -0.000000 -0.281137 0.959668
104.200000 -0.737078 0.422695 0.000000 -0.000000 -0.000000 -0.092398 0.995722
104.300000 -0.704444 0.425486 0.000000 0.000000 0.000000 0.046158 0.998934
104.400000 -0.654105 0.409941 0.000000 0.000000 0.000000 0.162778 0.986663
