0.000000 -0.001549 -0.000527 0.000000 0.000000 0.000000 0.000008 1.000000
0.100000 2.037722 0.002482 0.000000 0.000000 0.000000 0.007234 0.999974
0.200000 4.264553 0.057899 0.000000 0.000000 0.000000 0.020632 0.999787
0.300000 6.419193 0.110536 0.000000 -0.000000 -0.000000 -0.008200 0.999966
0.400000 8.615890 0.064691 0.000000 -0.000000 -0.000000 -0.006825 0.999977
0.500000 11.212600 -0.322511 0.000000 -0.000000 -0.000000 -0.195522 0.980699
0.600000 13.389453 -1.460727 0.000000 -0.000000 -0.000000 -0.493346 0.869833
0.700000 13.680797 -3.398618 0.000000 -0.000000 -0.000000 -0.749492 0.662014
0.800000 13.650204 -5.218798 0.000000 -0.000000 -0.000000 -0.767351 0.641227
0.900000 13.679115 -7.290905 0.000000 -0.000000 -0.000000 -0.721614 0.692295
1.000000 13.510152 -9.549685 0.000000 -0.000000 -0.000000 -0.743804 0.668398
1.100000 13.194209 -11.937435 0.000000 -0.000000 -0.000000 -0.746654 0.665213
1.200000 13.110177 -14.336182 0.000000 -0.000000 -0.000000 -0.723609 0.690210
1.300000 12.910701 -16.761338 0.000000 -0.000000 -0.000000 -0.736704 0.676215
1.400000 12.613590 -19.094467 0.000000 -0.000000 -0.000000 -0.754456 0.656351
1.500000 12.417296 -21.435351 0.000000 -0.000000 -0.000000 -0.729902 0.683552
1.600000 12.221130 -23.899360 0.000000 -0.000000 -0.000000 -0.735628 0.677386
1.700000 11.940889 -26.232195 0.000000 -0.000000 -0.000000 -0.752388 0.658720
1.800000 11.553265 -28.537879 0.000000 -0.000000 -0.000000 -0.763315 0.646026
1.900000 11.181610 -30.860882 0.000000 -0.000000 -0.000000 -0.758045 0.652202
2.000000 11.039952 -33.324227 0.000000 -0.000000 -0.000000 -0.683019 0.730401
2.100000 11.108886 -35.793569 0.000000 -0.000000 -0.000000 -0.713683 0.700469
2.200000 10.851468 -38.244113 0.000000 -0.000000 -0.000000 -0.751296 0.659966
2.300000 10.471441 -40.566680 0.000000 -0.000000 -0.000000 -0.759581 0.650413
2.400000 10.198943 -43.020473 0.000000 -0.000000 -0.000000 -0.716930 0.697145
2.500000 10.071555 -45.374273 0.000000 -0.000000 -0.000000 -0.724242 0.689546
2.600000 9.874353 -47.708543 0.000000 -0.000000 -0.000000 -0.731461 0.681883
2.700000 8.356495 -49.110361 0.000000 -0.000000 -0.000000 -0.996339 0.085486
2.800000 5.914724 -48.978167 0.000000 -0.000000 -0.000000 -0.999993 0.003688
2.900000 3.330536 -48.865211 0.000000 -0.000000 -0.000000 -0.999995 0.003254
3.000000 0.986836 -48.820927 0.000000 -0.000000 -0.000000 -0.999884 0.015240
3.100000 -0.895372 -49.924578 0.000000 -0.000000 -0.000000 -0.736334 0.676618
3.200000 -0.815008 -52.465442 0.000000 -0.000000 -0.000000 -0.669975 0.742384
3.300000 -1.020464 -54.860633 0.000000 -0.000000 -0.000000 -0.755906 0.654680
3.400000 -0.996640 -57.384801 0.000000 -0.000000 -0.000000 -0.585853 0.810418
3.500000 -0.835997 -59.912829 0.000000 -0.000000 -0.000000 -0.698123 0.715978
3.600000 -0.434626 -62.371113 0.000000 -0.000000 -0.000000 -0.431657 0.902038
3.700000 1.790047 -63.016440 0.000000 0.000000 0.000000 0.127245 0.991871
3.800000 4.267295 -62.388079 0.000000 0.000000 0.000000 0.019151 0.999817
3.900000 6.819703 -62.276169 0.000000 0.000000 0.000000 0.009736 0.999953
4.000000 9.243143 -62.171644 0.000000 0.000000 0.000000 0.008070 0.999967
4.100000 11.789757 -62.141614 0.000000 -0.000000 -0.000000 -0.000056 1.000000
4.200000 14.210929 -62.108596 0.000000 -0.000000 -0.000000 -0.010496 0.999945
4.300000 16.758833 -62.114132 0.000000 0.000000 0.000000 0.007915 0.999969
4.400000 19.319270 -62.097809 0.000000 0.000000 0.000000 0.002838 0.999996
4.500000 20.664818 -60.602546 0.000000 0.000000 0.000000 0.699255 0.714873
4.600000 20.693506 -58.020732 0.000000 0.000000 0.000000 0.714137 0.700006
4.700000 20.664734 -55.431743 0.000000 0.000000 0.000000 0.706490 0.707723
4.800000 20.691442 -52.974172 0.000000 0.000000 0.000000 0.695900 0.718139
4.900000 20.765546 -50.386745 0.000000 0.000000 0.000000 0.701057 0.713105
5.000000 19.700160 -48.630102 0.000000 0.000000 0.000000 0.981340 0.192278
5.100000 17.452063 -48.644193 0.000000 -0.000000 -0.000000 -0.998459 0.055503
5.200000 15.031569 -48.788827 0.000000 -0.000000 -0.000000 -0.999888 0.014933
5.300000 12.746037 -48.748193 0.000000 0.000000 0.000000 0.999723 0.023549
5.400000 10.741022 -48.410866 0.000000 0.000000 0.000000 0.732105 0.681192
5.500000 9.752269 -48.875077 0.000000 -0.000000 -0.000000 -0.952017 0.306045
5.600000 7.812259 -49.040089 0.000000 0.000000 0.000000 0.999962 0.008711
5.700000 5.573370 -48.899915 0.000000 0.000000 0.000000 0.999000 0.044719
5.800000 3.331174 -48.742704 0.000000 0.000000 0.000000 0.999349 0.036077
5.900000 1.233893 -48.595750 0.000000 -0.000000 -0.000000 -0.999796 0.020218
6.000000 -0.963997 -48.418760 0.000000 -0.000000 -0.000000 -0.999241 0.038964
6.100000 -3.017883 -48.262042 0.000000 0.000000 0.000000 0.997224 0.074466
6.200000 -4.741252 -47.499262 0.000000 0.000000 0.000000 0.931399 0.364001
6.300000 -6.383472 -46.353630 0.000000 0.000000 0.000000 0.965760 0.259436
6.400000 -8.208844 -45.729565 0.000000 0.000000 0.000000 0.992436 0.122762
6.500000 -10.420063 -45.120955 0.000000 0.000000 0.000000 0.991926 0.126818
6.600000 -12.655801 -44.698098 0.000000 0.000000 0.000000 0.996185 0.087263
6.700000 -14.943237 -44.222704 0.000000 0.000000 0.000000 0.995069 0.099186
6.800000 -16.819745 -43.759576 0.000000 0.000000 0.000000 0.989122 0.147100
6.900000 -17.633249 -42.182362 0.000000 0.000000 0.000000 0.665523 0.746377
7.000000 -17.358281 -39.975917 0.000000 0.000000 0.000000 0.645815 0.763494
7.100000 -16.994804 -37.647823 0.000000 0.000000 0.000000 0.655698 0.755023
7.200000 -16.617139 -35.500279 0.000000 0.000000 0.000000 0.637686 0.770296
7.300000 -16.250897 -33.446268 0.000000 0.000000 0.000000 0.659181 0.751984
7.400000 -16.959279 -31.729441 0.000000 0.000000 0.000000 0.980729 0.195375
7.500000 -19.051129 -31.305479 0.000000 0.000000 0.000000 0.999290 0.037684
7.600000 -21.364575 -31.051499 0.000000 0.000000 0.000000 0.998578 0.053308
7.700000 -23.602542 -30.754402 0.000000 0.000000 0.000000 0.999195 0.040124
7.800000 -25.854742 -30.557827 0.000000 0.000000 0.000000 0.999515 0.031148
7.900000 -28.223119 -30.327561 0.000000 0.000000 0.000000 0.998907 0.046740
8.000000 -30.596872 -30.018261 0.000000 0.000000 0.000000 0.998037 0.062629
8.100000 -32.832283 -29.651579 0.000000 0.000000 0.000000 0.996947 0.078084
8.200000 -35.182852 -29.276783 0.000000 0.000000 0.000000 0.997916 0.064532
8.300000 -37.418747 -28.908016 0.000000 0.000000 0.000000 0.997036 0.076932
8.400000 -39.855951 -28.346147 0.000000 0.000000 0.000000 0.985307 0.170794
8.500000 -42.174190 -27.821157 0.000000 0.000000 0.000000 0.999540 0.030328
8.600000 -44.548570 -27.608080 0.000000 0.000000 0.000000 0.999347 0.036145
8.700000 -46.916168 -27.366749 0.000000 0.000000 0.000000 0.999126 0.041800
8.800000 -49.397103 -27.051279 0.000000 0.000000 0.000000 0.998399 0.056564
8.900000 -51.746319 -26.600542 0.000000 0.000000 0.000000 0.995179 0.098074
9.000000 -54.081260 -26.118961 0.000000 0.000000 0.000000 0.999375 0.035359
9.100000 -56.449057 -25.887205 0.000000 0.000000 0.000000 0.999254 0.038610
9.200000 -58.690330 -25.553192 0.000000 0.000000 0.000000 0.997261 0.073963
9.300000 -61.030596 -25.078341 0.000000 0.000000 0.000000 0.996587 0.082549
9.400000 -63.258962 -24.722157 0.000000 0.000000 0.000000 0.999807 0.019649
9.500000 -65.643869 -24.565500 0.000000 0.000000 0.000000 0.999774 0.021246
9.600000 -68.007018 -24.270490 0.000000 0.000000 0.000000 0.997815 0.066072
9.700000 -70.507071 -23.842254 0.000000 0.000000 0.000000 0.997406 0.071980
9.800000 -72.446652 -24.400970 0.000000 -0.000000 -0.000000 -0.750343 0.661049
9.900000 -72.741281 -26.713125 0.000000 -0.000000 -0.000000 -0.739448 0.673213
10.000000 -72.944008 -29.046933 0.000000 -0.000000 -0.000000 -0.731904 0.681408
10.100000 -73.092132 -31.379664 0.000000 -0.000000 -0.000000 -0.717410 0.696651
10.200000 -73.228205 -33.593933 0.000000 -0.000000 -0.000000 -0.721325 0.692596
10.300000 -73.497835 -35.963339 0.000000 -0.000000 -0.000000 -0.751117 0.660169
10.400000 -73.808772 -38.348737 0.000000 -0.000000 -0.000000 -0.733448 0.679745
10.500000 -72.697395 -40.125744 0.000000 -0.000000 -0.000000 -0.146740 0.989175
10.600000 -70.271526 -40.621442 0.000000 -0.000000 -0.000000 -0.075615 0.997137
10.700000 -67.909199 -40.707066 0.000000 -0.000000 -0.000000 -0.003377 0.999994
10.800000 -65.427664 -40.759283 0.000000 -0.000000 -0.000000 -0.013016 0.999915
10.900000 -63.069284 -40.905773 0.000000 -0.000000 -0.000000 -0.051621 0.998667
11.000000 -60.806231 -41.230369 0.000000 -0.000000 -0.000000 -0.072104 0.997397
11.100000 -58.504903 -41.580653 0.000000 -0.000000 -0.000000 -0.067927 0.997690
11.200000 -56.044561 -41.917755 0.000000 -0.000000 -0.000000 -0.060813 0.998149
11.300000 -53.692252 -42.180458 0.000000 -0.000000 -0.000000 -0.050204 0.998739
11.400000 -51.469946 -42.443277 0.000000 -0.000000 -0.000000 -0.069924 0.997552
11.500000 -49.123014 -42.764081 0.000000 -0.000000 -0.000000 -0.056687 0.998392
11.600000 -46.784671 -43.150503 0.000000 -0.000000 -0.000000 -0.081017 0.996713
11.700000 -44.459827 -43.538772 0.000000 -0.000000 -0.000000 -0.075404 0.997153
11.800000 -42.111683 -43.885837 0.000000 -0.000000 -0.000000 -0.060426 0.998173
11.900000 -39.702447 -44.481449 0.000000 -0.000000 -0.000000 -0.118354 0.992971
12.000000 -37.395606 -45.002881 0.000000 -0.000000 -0.000000 -0.081685 0.996658
12.100000 -35.053819 -45.339842 0.000000 -0.000000 -0.000000 -0.055535 0.998457
12.200000 -32.826346 -45.618552 0.000000 -0.000000 -0.000000 -0.054813 0.998497
12.300000 -30.493949 -45.984765 0.000000 -0.000000 -0.000000 -0.076143 0.997097
12.400000 -28.283353 -46.376663 0.000000 -0.000000 -0.000000 -0.090338 0.995911
12.500000 -25.951779 -46.768388 0.000000 -0.000000 -0.000000 -0.072302 0.997383
12.600000 -23.598849 -47.074164 0.000000 -0.000000 -0.000000 -0.057048 0.998371
12.700000 -21.400126 -47.519568 0.000000 -0.000000 -0.000000 -0.102857 0.994696
12.800000 -19.194490 -47.772630 0.000000 0.000000 0.000000 0.211860 0.977300
12.900000 -18.592911 -45.585968 0.000000 0.000000 0.000000 0.684566 0.728951
13.000000 -18.287587 -43.202518 0.000000 0.000000 0.000000 0.638552 0.769579
13.100000 -17.790042 -40.851884 0.000000 0.000000 0.000000 0.612060 0.790811
13.200000 -17.273380 -38.628986 0.000000 0.000000 0.000000 0.620471 0.784229
13.300000 -16.826730 -36.544408 0.000000 0.000000 0.000000 0.613138 0.789976
13.400000 -16.366185 -34.093437 0.000000 0.000000 0.000000 0.648802 0.760957
13.500000 -16.901126 -31.867454 0.000000 0.000000 0.000000 0.976038 0.217599
13.600000 -19.349763 -31.386366 0.000000 0.000000 0.000000 0.998545 0.053932
13.700000 -21.999984 -31.056244 0.000000 0.000000 0.000000 0.997734 0.067280
13.800000 -24.659122 -30.648939 0.000000 0.000000 0.000000 0.996316 0.085759
13.900000 -27.290587 -30.152553 0.000000 0.000000 0.000000 0.994573 0.104042
14.000000 -29.945811 -29.727546 0.000000 0.000000 0.000000 0.996285 0.086113
14.100000 -32.459299 -29.307226 0.000000 0.000000 0.000000 0.996635 0.081972
14.200000 -35.115018 -28.925337 0.000000 0.000000 0.000000 0.996918 0.078454
14.300000 -37.636708 -28.528459 0.000000 0.000000 0.000000 0.996841 0.079421
14.400000 -40.147495 -28.099967 0.000000 0.000000 0.000000 0.995851 0.090997
14.500000 -42.810743 -27.779860 0.000000 0.000000 0.000000 0.997662 0.068344
14.600000 -45.463524 -27.375332 0.000000 0.000000 0.000000 0.996626 0.082073
14.700000 -47.975236 -26.952854 0.000000 0.000000 0.000000 0.997304 0.073379
14.800000 -50.627782 -26.545913 0.000000 0.000000 0.000000 0.996619 0.082157
14.900000 -53.286542 -26.275447 0.000000 0.000000 0.000000 0.999930 0.011868
15.000000 -55.967481 -26.005164 0.000000 0.000000 0.000000 0.998336 0.057669
15.100000 -58.628095 -25.626952 0.000000 0.000000 0.000000 0.996712 0.081030
15.200000 -61.132697 -25.195309 0.000000 0.000000 0.000000 0.995835 0.091169
15.300000 -63.773000 -24.716163 0.000000 0.000000 0.000000 0.997073 0.076450
15.400000 -66.352912 -24.480416 0.000000 0.000000 0.000000 0.998599 0.052922
15.500000 -68.981076 -24.169964 0.000000 0.000000 0.000000 0.998045 0.062501
15.600000 -71.604450 -23.829968 0.000000 0.000000 0.000000 0.996720 0.080930
15.700000 -74.095349 -23.451888 0.000000 0.000000 0.000000 0.996827 0.079598
15.800000 -76.577765 -23.068254 0.000000 0.000000 0.000000 0.996427 0.084457
15.900000 -79.197193 -22.638946 0.000000 0.000000 0.000000 0.996029 0.089025
16.000000 -81.824196 -22.317594 0.000000 0.000000 0.000000 0.999188 0.040288
16.100000 -84.336917 -22.123676 0.000000 0.000000 0.000000 0.999014 0.044392
16.200000 -86.983702 -21.905728 0.000000 0.000000 0.000000 0.998870 0.047522
16.300000 -89.618660 -21.660828 0.000000 0.000000 0.000000 0.998481 0.055094
16.400000 -92.264577 -21.395765 0.000000 0.000000 0.000000 0.998637 0.052199
16.500000 -94.905308 -21.130845 0.000000 0.000000 0.000000 0.998336 0.057663
16.600000 -97.184495 -20.757656 0.000000 0.000000 0.000000 0.998043 0.062532
16.700000 -99.601627 -20.380828 0.000000 0.000000 0.000000 0.999021 0.044244
16.800000 -101.895749 -20.064542 0.000000 0.000000 0.000000 0.999001 0.044680
16.900000 -104.317547 -19.725892 0.000000 0.000000 0.000000 0.998791 0.049158
17.000000 -106.728835 -19.378926 0.000000 0.000000 0.000000 0.998795 0.049084
17.100000 -109.123169 -19.268565 0.000000 -0.000000 -0.000000 -0.999841 0.017838
17.200000 -111.646417 -19.413914 0.000000 0.000000 0.000000 0.999981 0.006102
17.300000 -114.080750 -19.242727 0.000000 0.000000 0.000000 0.999116 0.042042
17.400000 -116.557320 -19.013365 0.000000 0.000000 0.000000 0.998864 0.047645
17.500000 -118.933408 -18.681944 0.000000 0.000000 0.000000 0.992995 0.118153
17.600000 -121.446532 -18.468449 0.000000 0.000000 0.000000 0.999600 0.028279
17.700000 -123.837261 -18.326143 0.000000 0.000000 0.000000 0.999558 0.029729
17.800000 -126.363023 -18.148055 0.000000 0.000000 0.000000 0.999263 0.038374
17.900000 -128.042674 -19.409394 0.000000 -0.000000 -0.000000 -0.700497 0.713655
18.000000 -127.917603 -21.999492 0.000000 -0.000000 -0.000000 -0.684696 0.728828
18.100000 -127.913387 -24.585265 0.000000 -0.000000 -0.000000 -0.734719 0.678371
18.200000 -128.036378 -27.049387 0.000000 -0.000000 -0.000000 -0.720084 0.693887
18.300000 -128.035741 -29.646544 0.000000 -0.000000 -0.000000 -0.680585 0.732669
18.400000 -128.202132 -32.230367 0.000000 -0.000000 -0.000000 -0.742242 0.670132
18.500000 -128.149657 -34.660536 0.000000 -0.000000 -0.000000 -0.464792 0.885420
18.600000 -125.618261 -34.911883 0.000000 0.000000 0.000000 0.008645 0.999963
18.700000 -123.129980 -34.923127 0.000000 -0.000000 -0.000000 -0.001475 0.999999
18.800000 -120.625430 -34.998668 0.000000 -0.000000 -0.000000 -0.013064 0.999915
18.900000 -118.051436 -35.445719 0.000000 -0.000000 -0.000000 -0.134394 0.990928
19.000000 -115.577063 -35.738494 0.000000 -0.000000 -0.000000 -0.034730 0.999397
19.100000 -113.103054 -35.868186 0.000000 -0.000000 -0.000000 -0.016774 0.999859
19.200000 -110.479172 -36.019785 0.000000 -0.000000 -0.000000 -0.027685 0.999617
19.300000 -108.004243 -36.219902 0.000000 -0.000000 -0.000000 -0.038248 0.999268
19.400000 -105.397089 -36.487857 0.000000 -0.000000 -0.000000 -0.051122 0.998692
19.500000 -102.795141 -36.810208 0.000000 -0.000000 -0.000000 -0.061614 0.998100
19.600000 -100.193755 -37.145939 0.000000 -0.000000 -0.000000 -0.064179 0.997938
19.700000 -97.588062 -37.388729 0.000000 -0.000000 -0.000000 -0.038804 0.999247
19.800000 -95.135545 -37.647863 0.000000 -0.000000 -0.000000 -0.055253 0.998472
19.900000 -92.703171 -37.991761 0.000000 -0.000000 -0.000000 -0.070437 0.997516
20.000000 -90.289422 -38.380792 0.000000 -0.000000 -0.000000 -0.046542 0.998916
20.100000 -87.738874 -38.673722 0.000000 -0.000000 -0.000000 -0.056527 0.998401
20.200000 -85.322587 -39.022718 0.000000 -0.000000 -0.000000 -0.076060 0.997103
20.300000 -83.025657 -39.403268 0.000000 -0.000000 -0.000000 -0.074265 0.997239
20.400000 -80.596210 -39.704398 0.000000 -0.000000 -0.000000 -0.060881 0.998145
20.500000 -78.180315 -40.065744 0.000000 -0.000000 -0.000000 -0.077356 0.997004
20.600000 -75.767099 -40.470243 0.000000 -0.000000 -0.000000 -0.003559 0.999994
20.700000 -73.664760 -39.489809 0.000000 0.000000 0.000000 0.522465 0.852661
20.800000 -73.411102 -37.180611 0.000000 0.000000 0.000000 0.766831 0.641850
20.900000 -73.395275 -34.890255 0.000000 0.000000 0.000000 0.682714 0.730686
21.000000 -73.141752 -32.557508 0.000000 0.000000 0.000000 0.683363 0.730078
21.100000 -72.829755 -30.137517 0.000000 0.000000 0.000000 0.660357 0.750952
21.200000 -72.527843 -28.562973 0.000000 0.000000 0.000000 0.645009 0.764175
21.300000 -72.178925 -26.970895 0.000000 0.000000 0.000000 0.667809 0.744333
21.400000 -72.027974 -25.193132 0.000000 0.000000 0.000000 0.720234 0.693731
21.500000 -73.198425 -23.958068 0.000000 0.000000 0.000000 0.993776 0.111394
21.600000 -75.639173 -23.559198 0.000000 0.000000 0.000000 0.999738 0.022889
21.700000 -78.130797 -23.379307 0.000000 0.000000 0.000000 0.999700 0.024481
21.800000 -80.493388 -23.220225 0.000000 0.000000 0.000000 0.999907 0.013616
21.900000 -82.988931 -23.165672 0.000000 -0.000000 -0.000000 -0.997792 0.066414
22.000000 -85.283704 -22.665209 0.000000 0.000000 0.000000 0.996025 0.089078
22.100000 -87.730515 -22.130505 0.000000 0.000000 0.000000 0.996334 0.085551
22.200000 -90.190564 -21.679179 0.000000 0.000000 0.000000 0.999052 0.043542
22.300000 -92.549882 -21.431063 0.000000 0.000000 0.000000 0.999344 0.036205
22.400000 -95.034836 -21.195887 0.000000 0.000000 0.000000 0.998285 0.058549
22.500000 -97.739230 -20.957794 0.000000 0.000000 0.000000 0.998524 0.054316
22.600000 -100.428178 -20.724203 0.000000 0.000000 0.000000 0.998260 0.058969
22.700000 -102.994853 -20.501826 0.000000 0.000000 0.000000 0.997125 0.075771
22.800000 -105.392627 -19.442611 0.000000 0.000000 0.000000 0.911266 0.411819
22.900000 -106.208859 -17.108724 0.000000 0.000000 0.000000 0.699318 0.714811
23.000000 -106.229349 -15.039388 0.000000 0.000000 0.000000 0.683618 0.729840
23.100000 -106.170481 -13.122563 0.000000 0.000000 0.000000 0.690461 0.723369
23.200000 -106.031455 -11.276310 0.000000 0.000000 0.000000 0.664501 0.747287
23.300000 -105.879345 -9.381009 0.000000 0.000000 0.000000 0.679124 0.734024
23.400000 -105.748633 -7.484110 0.000000 0.000000 0.000000 0.695024 0.718986
23.500000 -105.674243 -5.498050 0.000000 0.000000 0.000000 0.683114 0.730312
23.600000 -105.386899 -3.599750 0.000000 0.000000 0.000000 0.663526 0.748153
23.700000 -103.943345 -2.244981 0.000000 0.000000 0.000000 0.273464 0.961882
23.800000 -103.066654 -0.563988 0.000000 0.000000 0.000000 0.665295 0.746580
23.900000 -102.665207 1.516651 0.000000 0.000000 0.000000 0.662474 0.749085
24.000000 -102.221160 3.443433 0.000000 0.000000 0.000000 0.647522 0.762047
24.100000 -101.687053 5.872680 0.000000 0.000000 0.000000 0.676668 0.736288
24.200000 -101.487279 8.442703 0.000000 0.000000 0.000000 0.669036 0.743230
24.300000 -101.258379 10.889143 0.000000 0.000000 0.000000 0.675709 0.737168
24.400000 -101.040879 13.454542 0.000000 0.000000 0.000000 0.671255 0.741227
24.500000 -100.762906 16.031217 0.000000 0.000000 0.000000 0.656991 0.753898
24.600000 -100.428565 18.454237 0.000000 0.000000 0.000000 0.646166 0.763197
24.700000 -100.036918 20.865818 0.000000 0.000000 0.000000 0.532765 0.846263
24.800000 -97.660402 21.293365 0.000000 -0.000000 -0.000000 -0.001287 0.999999
24.900000 -95.558802 21.949467 0.000000 0.000000 0.000000 0.740684 0.671853
25.000000 -95.534871 24.415414 0.000000 0.000000 0.000000 0.662237 0.749295
25.100000 -95.893010 26.550808 0.000000 0.000000 0.000000 0.999900 0.014121
25.200000 -97.785421 25.945885 0.000000 0.000000 0.000000 0.794323 0.607496
25.300000 -95.613289 26.732401 0.000000 0.000000 0.000000 0.043790 0.999041
25.400000 -92.956634 26.747003 0.000000 0.000000 0.000000 0.004517 0.999990
25.500000 -90.310572 26.557104 0.000000 -0.000000 -0.000000 -0.035029 0.999386
25.600000 -87.670311 26.253859 0.000000 -0.000000 -0.000000 -0.016116 0.999870
25.700000 -85.150298 26.061838 0.000000 -0.000000 -0.000000 -0.024540 0.999699
25.800000 -82.544903 25.927741 0.000000 0.000000 0.000000 0.004108 0.999992
25.900000 -79.925148 25.842452 0.000000 -0.000000 -0.000000 -0.032663 0.999466
26.000000 -77.452111 25.582427 0.000000 -0.000000 -0.000000 -0.066375 0.997795
26.100000 -74.869565 25.204442 0.000000 0.000000 0.000000 0.041539 0.999137
26.200000 -72.385309 25.237925 0.000000 -0.000000 -0.000000 -0.002091 0.999998
26.300000 -69.772663 25.130779 0.000000 -0.000000 -0.000000 -0.032306 0.999478
26.400000 -67.161500 24.902581 0.000000 -0.000000 -0.000000 -0.053639 0.998560
26.500000 -64.755188 24.321616 0.000000 -0.000000 -0.000000 -0.142926 0.989733
26.600000 -62.370202 23.621673 0.000000 -0.000000 -0.000000 -0.123560 0.992337
26.700000 -59.814792 23.110353 0.000000 -0.000000 -0.000000 -0.082551 0.996587
26.800000 -57.246222 22.626807 0.000000 -0.000000 -0.000000 -0.102883 0.994693
26.900000 -54.698405 22.020394 0.000000 -0.000000 -0.000000 -0.128362 0.991727
27.000000 -52.141961 21.488013 0.000000 -0.000000 -0.000000 -0.106452 0.994318
27.100000 -49.700017 21.028172 0.000000 -0.000000 -0.000000 -0.091909 0.995767
27.200000 -47.384790 20.588203 0.000000 -0.000000 -0.000000 -0.063860 0.997959
27.300000 -44.798650 20.200396 0.000000 -0.000000 -0.000000 -0.079366 0.996846
27.400000 -42.483254 19.782606 0.000000 -0.000000 -0.000000 -0.094893 0.995487
27.500000 -40.040402 19.410284 0.000000 -0.000000 -0.000000 -0.077794 0.996969
27.600000 -37.729542 19.003541 0.000000 -0.000000 -0.000000 -0.096247 0.995357
27.700000 -35.312563 18.500246 0.000000 -0.000000 -0.000000 -0.107488 0.994206
27.800000 -32.890229 17.965665 0.000000 -0.000000 -0.000000 -0.132265 0.991214
27.900000 -30.584770 17.509221 0.000000 -0.000000 -0.000000 -0.089606 0.995977
28.000000 -28.165789 17.026503 0.000000 -0.000000 -0.000000 -0.102652 0.994717
28.100000 -25.877111 16.504993 0.000000 -0.000000 -0.000000 -0.116260 0.993219
28.200000 -24.075166 15.982533 0.000000 -0.000000 -0.000000 -0.027108 0.999632
28.300000 -22.230739 15.951400 0.000000 -0.000000 -0.000000 -0.058939 0.998262
28.400000 -20.575524 15.729386 0.000000 -0.000000 -0.000000 -0.047065 0.998892
28.500000 -19.034651 15.619942 0.000000 -0.000000 -0.000000 -0.015531 0.999879
28.600000 -17.148884 15.540492 0.000000 -0.000000 -0.000000 -0.056609 0.998396
28.700000 -15.051910 15.118842 0.000000 -0.000000 -0.000000 -0.095293 0.995449
28.800000 -12.846970 14.710685 0.000000 -0.000000 -0.000000 -0.051256 0.998686
28.900000 -10.705284 14.483795 0.000000 -0.000000 -0.000000 -0.054854 0.998494
29.000000 -8.579557 14.255324 0.000000 -0.000000 -0.000000 -0.031806 0.999494
29.100000 -6.335610 14.093659 0.000000 -0.000000 -0.000000 -0.014072 0.999901
29.200000 -4.546907 14.008403 0.000000 -0.000000 -0.000000 -0.034790 0.999395
29.300000 -2.952893 13.814304 0.000000 -0.000000 -0.000000 -0.095378 0.995441
29.400000 -2.209662 12.607309 0.000000 -0.000000 -0.000000 -0.708393 0.705818
29.500000 -2.376575 10.615725 0.000000 -0.000000 -0.000000 -0.731907 0.681405
29.600000 -2.662542 8.594813 0.000000 -0.000000 -0.000000 -0.748525 0.663107
29.700000 -2.966331 6.572061 0.000000 -0.000000 -0.000000 -0.723970 0.689832
29.800000 -3.058771 4.530541 0.000000 -0.000000 -0.000000 -0.652148 0.758092
29.900000 -2.525853 2.571980 0.000000 -0.000000 -0.000000 -0.563038 0.826431
30.000000 -1.253391 1.189069 0.000000 -0.000000 -0.000000 -0.279543 0.960133
30.100000 0.562193 0.425207 0.000000 0.000000 0.000000 0.107531 0.994202
30.200000 2.471961 1.111755 0.000000 0.000000 0.000000 0.073896 0.997266
30.300000 4.496620 1.185097 0.000000 -0.000000 -0.000000 -0.003041 0.999995
30.400000 6.805633 1.166901 0.000000 -0.000000 -0.000000 -0.001171 0.999999
30.500000 8.999857 1.169519 0.000000 0.000000 0.000000 0.002171 0.999998
30.600000 11.306307 1.177944 0.000000 -0.000000 -0.000000 -0.002164 0.999998
30.700000 13.272600 0.844850 0.000000 -0.000000 -0.000000 -0.493055 0.869998
30.800000 13.603988 -1.140400 0.000000 -0.000000 -0.000000 -0.723292 0.690542
30.900000 13.472698 -2.763250 0.000000 -0.000000 -0.000000 -0.733034 0.680192
31.000000 13.265777 -4.395268 0.000000 -0.000000 -0.000000 -0.757978 0.652280
31.100000 13.076160 -6.261607 0.000000 -0.000000 -0.000000 -0.713173 0.700988
31.200000 13.063520 -8.130822 0.000000 -0.000000 -0.000000 -0.690922 0.722930
31.300000 13.072863 -10.218716 0.000000 -0.000000 -0.000000 -0.679428 0.733742
31.400000 13.144392 -12.358672 0.000000 -0.000000 -0.000000 -0.697588 0.716499
31.500000 13.114407 -14.394968 0.000000 -0.000000 -0.000000 -0.710004 0.704198
31.600000 13.107862 -16.523397 0.000000 -0.000000 -0.000000 -0.702754 0.711433
31.700000 13.088673 -18.649762 0.000000 -0.000000 -0.000000 -0.702014 0.712163
31.800000 13.042878 -20.781556 0.000000 -0.000000 -0.000000 -0.721053 0.692880
31.900000 12.895105 -22.903523 0.000000 -0.000000 -0.000000 -0.735666 0.677345
32.000000 12.654536 -25.271779 0.000000 -0.000000 -0.000000 -0.737359 0.675501
32.100000 12.363491 -27.663013 0.000000 -0.000000 -0.000000 -0.750977 0.660329
32.200000 12.055125 -29.955935 0.000000 -0.000000 -0.000000 -0.758143 0.652088
32.300000 11.696592 -32.225114 0.000000 -0.000000 -0.000000 -0.763737 0.645528
32.400000 11.438496 -34.514902 0.000000 -0.000000 -0.000000 -0.716853 0.697224
32.500000 11.305778 -36.738123 0.000000 -0.000000 -0.000000 -0.730112 0.683328
32.600000 11.150552 -38.452016 0.000000 -0.000000 -0.000000 -0.738316 0.674455
32.700000 10.920354 -40.488911 0.000000 -0.000000 -0.000000 -0.733496 0.679694
32.800000 10.779013 -42.442581 0.000000 -0.000000 -0.000000 -0.732045 0.681257
32.900000 10.580497 -44.386532 0.000000 -0.000000 -0.000000 -0.745087 0.666967
33.000000 10.304996 -46.417318 0.000000 -0.000000 -0.000000 -0.755041 0.655677
33.100000 10.047729 -48.350469 0.000000 -0.000000 -0.000000 -0.729303 0.684191
33.200000 8.908164 -49.389440 0.000000 -0.000000 -0.000000 -0.999646 0.026594
33.300000 7.003150 -49.442244 0.000000 0.000000 0.000000 0.997517 0.070432
33.400000 5.122916 -49.193642 0.000000 0.000000 0.000000 0.997532 0.070215
33.500000 3.239670 -48.937237 0.000000 0.000000 0.000000 0.995072 0.099151
33.600000 1.260997 -48.672042 0.000000 0.000000 0.000000 0.991188 0.132459
33.700000 -0.818344 -48.412035 0.000000 0.000000 0.000000 0.993092 0.117340
33.800000 -2.799638 -48.172348 0.000000 0.000000 0.000000 0.993291 0.115643
33.900000 -4.460610 -47.732962 0.000000 0.000000 0.000000 0.990316 0.138831
34.000000 -4.627759 -46.429142 0.000000 0.000000 0.000000 0.484996 0.874516
34.100000 -5.335904 -46.182764 0.000000 -0.000000 -0.000000 -0.608378 0.793647
34.200000 -4.897643 -47.812693 0.000000 -0.000000 -0.000000 -0.278717 0.960373
34.300000 -3.174990 -47.862597 0.000000 -0.000000 -0.000000 -0.019707 0.999806
34.400000 -1.445405 -48.086390 0.000000 -0.000000 -0.000000 -0.058171 0.998307
34.500000 -0.800052 -49.324587 0.000000 -0.000000 -0.000000 -0.814323 0.580412
34.600000 -0.701656 -51.034636 0.000000 -0.000000 -0.000000 -0.671171 0.741303
34.700000 -0.564496 -52.830581 0.000000 -0.000000 -0.000000 -0.695062 0.718950
34.800000 -0.491348 -54.641213 0.000000 -0.000000 -0.000000 -0.695449 0.718575
34.900000 -0.501988 -56.440404 0.000000 -0.000000 -0.000000 -0.760095 0.649812
35.000000 -0.682517 -58.149586 0.000000 -0.000000 -0.000000 -0.723305 0.690529
35.100000 -0.747643 -59.949105 0.000000 -0.000000 -0.000000 -0.710693 0.703502
35.200000 -0.525539 -61.611531 0.000000 -0.000000 -0.000000 -0.317423 0.948284
35.300000 1.250409 -61.996282 0.000000 -0.000000 -0.000000 -0.055089 0.998481
35.400000 2.990932 -62.052590 0.000000 0.000000 0.000000 0.005689 0.999984
35.500000 4.821716 -62.097125 0.000000 -0.000000 -0.000000 -0.033364 0.999443
35.600000 6.562976 -62.168098 0.000000 0.000000 0.000000 0.027795 0.999614
35.700000 8.298460 -62.049127 0.000000 0.000000 0.000000 0.065698 0.997840
35.800000 10.117082 -61.890203 0.000000 0.000000 0.000000 0.005093 0.999987
35.900000 11.854049 -61.864730 0.000000 0.000000 0.000000 0.021682 0.999765
36.000000 13.682724 -61.778738 0.000000 0.000000 0.000000 0.039815 0.999207
36.100000 15.508526 -61.761288 0.000000 0.000000 0.000000 0.006915 0.999976
36.200000 17.251527 -61.740116 0.000000 0.000000 0.000000 0.018528 0.999828
36.300000 18.989054 -61.673118 0.000000 0.000000 0.000000 0.037715 0.999289
36.400000 20.709436 -61.288126 0.000000 0.000000 0.000000 0.559900 0.828560
36.500000 20.592380 -59.596455 0.000000 0.000000 0.000000 0.731639 0.681692
36.600000 20.589080 -57.880976 0.000000 0.000000 0.000000 0.702586 0.711599
36.700000 20.656046 -56.158395 0.000000 0.000000 0.000000 0.696541 0.717517
36.800000 20.750145 -54.441072 0.000000 0.000000 0.000000 0.689293 0.724482
36.900000 20.839534 -52.637116 0.000000 0.000000 0.000000 0.718442 0.695587
37.000000 20.824881 -50.919397 0.000000 0.000000 0.000000 0.716194 0.697902
37.100000 20.802382 -49.116617 0.000000 0.000000 0.000000 0.729917 0.683536
37.200000 19.415498 -48.578385 0.000000 0.000000 0.000000 0.999862 0.016607
37.300000 17.724267 -48.464140 0.000000 0.000000 0.000000 0.999287 0.037752
37.400000 15.957760 -48.324492 0.000000 0.000000 0.000000 0.998767 0.049645
37.500000 14.272476 -48.169639 0.000000 0.000000 0.000000 0.999316 0.036985
37.600000 12.507311 -48.030536 0.000000 -0.000000 -0.000000 -0.999622 0.027511
37.700000 10.737948 -48.083128 0.000000 0.000000 0.000000 0.997396 0.072116
37.800000 10.441912 -46.493932 0.000000 0.000000 0.000000 0.709022 0.705187
37.900000 10.512061 -44.692547 0.000000 0.000000 0.000000 0.756906 0.653524
38.000000 10.439835 -42.951339 0.000000 0.000000 0.000000 0.709213 0.704994
38.100000 10.486007 -41.175763 0.000000 0.000000 0.000000 0.700059 0.714085
38.200000 10.598044 -39.447653 0.000000 0.000000 0.000000 0.686175 0.727436
38.300000 10.759273 -37.739640 0.000000 0.000000 0.000000 0.671385 0.741108
38.400000 10.999127 -35.946843 0.000000 0.000000 0.000000 0.659768 0.751469
38.500000 11.285941 -33.956322 0.000000 0.000000 0.000000 0.666030 0.745925
38.600000 11.562837 -31.906002 0.000000 0.000000 0.000000 0.668074 0.744095
38.700000 11.865781 -29.860806 0.000000 0.000000 0.000000 0.651730 0.758451
38.800000 12.261932 -27.724469 0.000000 0.000000 0.000000 0.661955 0.749544
38.900000 12.415280 -25.665500 0.000000 0.000000 0.000000 0.683251 0.730184
39.000000 12.644290 -23.614014 0.000000 0.000000 0.000000 0.665041 0.746807
39.100000 13.005019 -21.261055 0.000000 0.000000 0.000000 0.645504 0.763757
39.200000 13.277663 -18.696693 0.000000 0.000000 0.000000 0.672208 0.740363
39.300000 13.627923 -16.128541 0.000000 0.000000 0.000000 0.650287 0.759689
39.400000 13.699884 -13.720045 0.000000 0.000000 0.000000 0.700654 0.713502
39.500000 14.107368 -12.198878 0.000000 0.000000 0.000000 0.797131 0.603807
39.600000 12.870772 -11.984956 0.000000 -0.000000 -0.000000 -0.941212 0.337817
39.700000 13.012522 -13.235512 0.000000 -0.000000 -0.000000 -0.151311 0.988486
39.800000 13.967234 -12.348464 0.000000 0.000000 0.000000 0.846608 0.532217
39.900000 13.272427 -10.939356 0.000000 0.000000 0.000000 0.746107 0.665826
40.000000 13.456683 -9.227137 0.000000 0.000000 0.000000 0.605450 0.795883
40.100000 13.837271 -7.315414 0.000000 0.000000 0.000000 0.687976 0.725734
40.200000 14.042178 -5.264459 0.000000 0.000000 0.000000 0.666727 0.745302
40.300000 14.144624 -3.221174 0.000000 0.000000 0.000000 0.702398 0.711784
40.400000 14.066835 -1.581569 0.000000 0.000000 0.000000 0.701075 0.713088
40.500000 14.158271 0.111350 0.000000 0.000000 0.000000 0.688049 0.725664
40.600000 13.448915 1.176895 0.000000 0.000000 0.000000 0.999416 0.034168
40.700000 11.858813 1.315674 0.000000 0.000000 0.000000 0.999081 0.042853
40.800000 10.272659 1.486109 0.000000 0.000000 0.000000 0.998571 0.053446
40.900000 8.568454 1.712233 0.000000 0.000000 0.000000 0.998221 0.059620
41.000000 6.546750 1.755219 0.000000 -0.000000 -0.000000 -0.999965 0.008388
41.100000 4.524492 1.686492 0.000000 -0.000000 -0.000000 -0.999319 0.036888
41.200000 2.302487 1.561817 0.000000 -0.000000 -0.000000 -0.999622 0.027506
41.300000 0.273886 1.405055 0.000000 -0.000000 -0.000000 -0.998800 0.048972
41.400000 -1.541078 1.768642 0.000000 0.000000 0.000000 0.954899 0.296931
41.500000 -2.616598 3.385037 0.000000 0.000000 0.000000 0.754839 0.655910
41.600000 -2.788259 5.431090 0.000000 0.000000 0.000000 0.703266 0.710927
41.700000 -2.691487 7.600272 0.000000 0.000000 0.000000 0.708167 0.706045
41.800000 -2.637643 9.673655 0.000000 0.000000 0.000000 0.693749 0.720217
41.900000 -2.668463 11.850113 0.000000 0.000000 0.000000 0.745700 0.666282
42.000000 -2.791205 13.913315 0.000000 0.000000 0.000000 0.712044 0.702135
42.100000 -2.863333 16.086925 0.000000 0.000000 0.000000 0.709009 0.705200
42.200000 -2.712243 18.146309 0.000000 0.000000 0.000000 0.708522 0.705689
42.300000 -2.670369 20.218384 0.000000 0.000000 0.000000 0.686237 0.727378
42.400000 -2.468504 22.276142 0.000000 0.000000 0.000000 0.624562 0.780975
42.500000 -1.255210 23.929316 0.000000 0.000000 0.000000 0.418670 0.908138
42.600000 0.264857 25.579160 0.000000 0.000000 0.000000 0.371374 0.928483
42.700000 2.315396 26.757822 0.000000 -0.000000 -0.000000 -0.023839 0.999716
42.800000 4.567923 26.304570 0.000000 -0.000000 -0.000000 -0.121043 0.992647
42.900000 6.884013 26.062568 0.000000 0.000000 0.000000 0.038118 0.999273
43.000000 9.268028 26.178726 0.000000 0.000000 0.000000 0.011371 0.999935
43.100000 11.776911 26.168464 0.000000 -0.000000 -0.000000 -0.015090 0.999886
43.200000 13.632509 26.709839 0.000000 0.000000 0.000000 0.449437 0.893312
43.300000 13.866383 28.563953 0.000000 0.000000 0.000000 0.655837 0.754902
43.400000 13.914154 30.067454 0.000000 0.000000 0.000000 0.772569 0.634931
43.500000 13.746880 32.247852 0.000000 0.000000 0.000000 0.712886 0.701280
43.600000 13.757405 34.832764 0.000000 0.000000 0.000000 0.707522 0.706691
43.700000 13.733072 37.420311 0.000000 0.000000 0.000000 0.701415 0.712754
43.800000 13.712588 39.880905 0.000000 0.000000 0.000000 0.731473 0.681871
43.900000 13.571323 42.328228 0.000000 0.000000 0.000000 0.736598 0.676330
44.000000 13.406912 44.914450 0.000000 0.000000 0.000000 0.722151 0.691735
44.100000 13.342973 47.370014 0.000000 0.000000 0.000000 0.722150 0.691737
44.200000 13.272574 49.960363 0.000000 0.000000 0.000000 0.710413 0.703785
44.300000 13.106939 52.538255 0.000000 0.000000 0.000000 0.743052 0.669233
44.400000 13.047926 54.756619 0.000000 0.000000 0.000000 0.628433 0.777864
44.500000 13.101331 56.316125 0.000000 0.000000 0.000000 0.726287 0.687392
44.600000 13.026872 58.235535 0.000000 0.000000 0.000000 0.716869 0.697208
44.700000 13.013623 60.767125 0.000000 0.000000 0.000000 0.704308 0.709894
44.800000 13.073857 63.232412 0.000000 0.000000 0.000000 0.689417 0.724365
44.900000 13.177943 65.815373 0.000000 0.000000 0.000000 0.694041 0.719935
45.000000 13.298564 68.393037 0.000000 0.000000 0.000000 0.686283 0.727335
45.100000 13.497591 70.977592 0.000000 0.000000 0.000000 0.664951 0.746887
45.200000 13.549676 73.556711 0.000000 0.000000 0.000000 0.725782 0.687925
45.300000 13.437588 76.130985 0.000000 0.000000 0.000000 0.716694 0.697388
45.400000 13.381471 78.730238 0.000000 0.000000 0.000000 0.711443 0.702744
45.500000 13.373445 81.183341 0.000000 0.000000 0.000000 0.703074 0.711116
45.600000 13.424398 83.771298 0.000000 0.000000 0.000000 0.697565 0.716521
45.700000 13.522047 86.353523 0.000000 0.000000 0.000000 0.698779 0.715338
45.800000 13.600474 88.924421 0.000000 0.000000 0.000000 0.689410 0.724371
45.900000 13.695756 90.643940 0.000000 0.000000 0.000000 0.684601 0.728918
46.000000 13.756239 92.401146 0.000000 0.000000 0.000000 0.741535 0.670914
46.100000 13.579869 94.268032 0.000000 0.000000 0.000000 0.739737 0.672896
46.200000 13.561216 96.625123 0.000000 0.000000 0.000000 0.699845 0.714295
46.300000 13.634748 99.082542 0.000000 0.000000 0.000000 0.694003 0.719972
46.400000 12.301076 100.774572 0.000000 0.000000 0.000000 0.996661 0.081651
46.500000 9.766128 101.271842 0.000000 0.000000 0.000000 0.970096 0.242720
46.600000 9.331272 103.609597 0.000000 0.000000 0.000000 0.726918 0.686725
46.700000 9.169839 106.191616 0.000000 0.000000 0.000000 0.707256 0.706958
46.800000 9.326588 108.626746 0.000000 0.000000 0.000000 0.685316 0.728246
46.900000 9.477204 110.526309 0.000000 0.000000 0.000000 0.680679 0.732582
47.000000 9.871478 112.370551 0.000000 0.000000 0.000000 0.465468 0.885065
47.100000 11.263117 114.260310 0.000000 0.000000 0.000000 0.550251 0.834999
47.200000 11.802391 116.535122 0.000000 0.000000 0.000000 0.677785 0.735261
47.300000 11.923962 118.774643 0.000000 0.000000 0.000000 0.750742 0.660595
47.400000 10.317038 119.990590 0.000000 0.000000 0.000000 0.999754 0.022178
47.500000 7.980776 120.079244 0.000000 0.000000 0.000000 0.999966 0.008292
47.600000 5.427330 120.097680 0.000000 -0.000000 -0.000000 -0.999826 0.018651
47.700000 2.875232 120.427069 0.000000 0.000000 0.000000 0.997903 0.064734
47.800000 0.312808 120.811367 0.000000 0.000000 0.000000 0.998318 0.057970
47.900000 -2.130982 121.076299 0.000000 0.000000 0.000000 0.999318 0.036935
48.000000 -4.717195 121.250816 0.000000 0.000000 0.000000 0.999887 0.015032
48.100000 -7.296934 121.342175 0.000000 0.000000 0.000000 0.999432 0.033709
48.200000 -9.748268 121.507364 0.000000 0.000000 0.000000 0.999111 0.042165
48.300000 -12.322268 121.720783 0.000000 0.000000 0.000000 0.999676 0.025444
48.400000 -14.745540 121.974265 0.000000 0.000000 0.000000 0.998535 0.054106
48.500000 -17.307952 122.224611 0.000000 0.000000 0.000000 0.999473 0.032449
48.600000 -19.855848 122.502767 0.000000 0.000000 0.000000 0.995558 0.094149
48.700000 -22.259144 122.925076 0.000000 0.000000 0.000000 0.998439 0.055856
48.800000 -24.679133 123.199549 0.000000 0.000000 0.000000 0.999115 0.042053
48.900000 -27.227485 123.151403 0.000000 -0.000000 -0.000000 -0.989106 0.147206
49.000000 -29.438553 121.910838 0.000000 -0.000000 -0.000000 -0.923197 0.384327
49.100000 -31.050331 120.084965 0.000000 -0.000000 -0.000000 -0.923855 0.382743
49.200000 -32.960503 118.393831 0.000000 -0.000000 -0.000000 -0.933968 0.357356
49.300000 -34.614246 116.476569 0.000000 -0.000000 -0.000000 -0.804248 0.594293
49.400000 -34.913986 114.741701 0.000000 -0.000000 -0.000000 -0.602337 0.798242
49.500000 -35.227220 113.207915 0.000000 -0.000000 -0.000000 -0.999503 0.031510
49.600000 -35.199514 114.779538 0.000000 0.000000 0.000000 0.704168 0.710034
49.700000 -35.065929 113.263008 0.000000 -0.000000 -0.000000 -0.652640 0.757668
49.800000 -35.220713 110.723746 0.000000 -0.000000 -0.000000 -0.758164 0.652064
49.900000 -35.515196 108.313708 0.000000 -0.000000 -0.000000 -0.736653 0.676271
50.000000 -35.692479 105.883334 0.000000 -0.000000 -0.000000 -0.721540 0.692372
50.100000 -35.690831 103.325512 0.000000 -0.000000 -0.000000 -0.690674 0.723167
50.200000 -35.529962 100.768611 0.000000 -0.000000 -0.000000 -0.671450 0.741050
50.300000 -35.252780 98.357058 0.000000 -0.000000 -0.000000 -0.654749 0.755847
50.400000 -34.928439 96.139237 0.000000 -0.000000 -0.000000 -0.716253 0.697841
50.500000 -35.021489 93.827261 0.000000 -0.000000 -0.000000 -0.712317 0.701858
50.600000 -35.034584 91.397603 0.000000 -0.000000 -0.000000 -0.699947 0.714194
50.700000 -34.948505 88.840304 0.000000 -0.000000 -0.000000 -0.682716 0.730684
50.800000 -35.041866 86.278582 0.000000 -0.000000 -0.000000 -0.718547 0.695478
50.900000 -35.089901 83.845191 0.000000 -0.000000 -0.000000 -0.706040 0.708172
51.000000 -35.060282 81.283179 0.000000 -0.000000 -0.000000 -0.695686 0.718346
51.100000 -35.178947 78.872254 0.000000 -0.000000 -0.000000 -0.767284 0.641307
51.200000 -35.646073 76.351136 0.000000 -0.000000 -0.000000 -0.764519 0.644601
51.300000 -35.961995 73.801387 0.000000 -0.000000 -0.000000 -0.741820 0.670599
51.400000 -36.172088 71.388885 0.000000 -0.000000 -0.000000 -0.716331 0.697761
51.500000 -35.667124 68.883372 0.000000 -0.000000 -0.000000 -0.605930 0.795518
51.600000 -35.168501 66.507633 0.000000 -0.000000 -0.000000 -0.670823 0.741617
51.700000 -35.219380 64.033508 0.000000 -0.000000 -0.000000 -0.729708 0.683759
51.800000 -35.380423 61.511038 0.000000 -0.000000 -0.000000 -0.727405 0.686209
51.900000 -35.493681 58.961889 0.000000 -0.000000 -0.000000 -0.713378 0.700779
52.000000 -35.539975 56.526190 0.000000 -0.000000 -0.000000 -0.710534 0.703663
52.100000 -35.554190 54.184559 0.000000 -0.000000 -0.000000 -0.706777 0.707437
52.200000 -35.521556 51.632659 0.000000 -0.000000 -0.000000 -0.698317 0.715789
52.300000 -35.500982 49.072978 0.000000 -0.000000 -0.000000 -0.727927 0.685654
52.400000 -35.740650 46.650759 0.000000 -0.000000 -0.000000 -0.737033 0.675857
52.500000 -35.934127 44.100809 0.000000 -0.000000 -0.000000 -0.726717 0.686937
52.600000 -36.059988 41.544647 0.000000 -0.000000 -0.000000 -0.717005 0.697068
52.700000 -36.111572 39.108858 0.000000 -0.000000 -0.000000 -0.708333 0.705878
52.800000 -36.147116 36.547320 0.000000 -0.000000 -0.000000 -0.726070 0.687620
52.900000 -36.347202 34.126527 0.000000 -0.000000 -0.000000 -0.732784 0.680461
53.000000 -36.544059 31.685699 0.000000 -0.000000 -0.000000 -0.735012 0.678054
53.100000 -36.716588 29.262831 0.000000 -0.000000 -0.000000 -0.725289 0.688444
53.200000 -36.840912 26.697076 0.000000 -0.000000 -0.000000 -0.715275 0.698843
53.300000 -36.901855 24.271330 0.000000 -0.000000 -0.000000 -0.714032 0.700113
53.400000 -37.050259 21.812488 0.000000 -0.000000 -0.000000 -0.792379 0.610029
53.500000 -38.720000 20.108410 0.000000 -0.000000 -0.000000 -0.996445 0.084246
53.600000 -41.276237 20.029698 0.000000 -0.000000 -0.000000 -0.999997 0.002479
53.700000 -43.712011 20.111257 0.000000 0.000000 0.000000 0.999327 0.036669
53.800000 -46.113150 20.406805 0.000000 0.000000 0.000000 0.997303 0.073395
53.900000 -48.354828 21.056144 0.000000 0.000000 0.000000 0.976568 0.215208
54.000000 -49.726688 20.133332 0.000000 -0.000000 -0.000000 -0.368634 0.929575
54.100000 -47.688476 20.212061 0.000000 0.000000 0.000000 0.017115 0.999854
54.200000 -44.969742 20.297200 0.000000 0.000000 0.000000 0.025843 0.999666
54.300000 -42.411310 20.027780 0.000000 -0.000000 -0.000000 -0.109025 0.994039
54.400000 -39.774255 19.392267 0.000000 -0.000000 -0.000000 -0.026780 0.999641
54.500000 -37.056522 19.330286 0.000000 0.000000 0.000000 0.002709 0.999996
54.600000 -34.490152 19.212072 0.000000 -0.000000 -0.000000 -0.194750 0.980853
54.700000 -32.198064 17.898134 0.000000 -0.000000 -0.000000 -0.049854 0.998757
54.800000 -29.617379 17.737842 0.000000 0.000000 0.000000 0.149113 0.988820
54.900000 -30.164943 18.432713 0.000000 -0.000000 -0.000000 -0.969758 0.244070
55.000000 -32.356984 18.500929 0.000000 0.000000 0.000000 0.997905 0.064694
55.100000 -34.752174 18.911635 0.000000 0.000000 0.000000 0.995538 0.094356
55.200000 -36.996175 19.438356 0.000000 0.000000 0.000000 0.992143 0.125107
55.300000 -39.369918 19.937713 0.000000 0.000000 0.000000 0.995131 0.098565
55.400000 -41.760174 20.336111 0.000000 -0.000000 -0.000000 -0.999931 0.011777
55.500000 -44.178709 20.389113 0.000000 0.000000 0.000000 0.998797 0.049035
55.600000 -46.236104 20.308119 0.000000 -0.000000 -0.000000 -0.999734 0.023076
55.700000 -48.646784 20.502415 0.000000 0.000000 0.000000 0.997868 0.065268
55.800000 -51.043752 20.900589 0.000000 0.000000 0.000000 0.995961 0.089785
55.900000 -53.414195 21.429829 0.000000 0.000000 0.000000 0.993125 0.117059
56.000000 -55.670700 21.885020 0.000000 0.000000 0.000000 0.999207 0.039810
56.100000 -58.090471 22.106362 0.000000 0.000000 0.000000 0.998645 0.052039
56.200000 -60.385285 22.312204 0.000000 0.000000 0.000000 0.999525 0.030823
56.300000 -62.802111 22.500993 0.000000 0.000000 0.000000 0.999025 0.044157
56.400000 -65.218518 22.766638 0.000000 0.000000 0.000000 0.998206 0.059875
56.500000 -67.529248 23.120637 0.000000 0.000000 0.000000 0.996993 0.077491
56.600000 -69.949390 23.568258 0.000000 0.000000 0.000000 0.995866 0.090831
56.700000 -72.245136 24.004512 0.000000 0.000000 0.000000 0.995890 0.090567
56.800000 -74.574816 24.476800 0.000000 0.000000 0.000000 0.995219 0.097665
56.900000 -76.952391 24.922896 0.000000 0.000000 0.000000 0.999264 0.038349
57.000000 -79.400460 25.160348 0.000000 0.000000 0.000000 0.998654 0.051873
57.100000 -81.834198 25.532584 0.000000 0.000000 0.000000 0.997225 0.074448
57.200000 -84.133990 25.911322 0.000000 0.000000 0.000000 0.999085 0.042772
57.300000 -86.565415 25.975848 0.000000 0.000000 0.000000 0.995168 0.098184
57.400000 -88.929675 26.423567 0.000000 0.000000 0.000000 0.993876 0.110498
57.500000 -91.286052 26.947049 0.000000 0.000000 0.000000 0.992169 0.124906
57.600000 -93.516263 27.481625 0.000000 0.000000 0.000000 0.995809 0.091456
57.700000 -94.655462 25.569672 0.000000 -0.000000 -0.000000 -0.759473 0.650538
57.800000 -94.954873 22.929945 0.000000 -0.000000 -0.000000 -0.817464 0.575980
57.900000 -96.758296 21.531448 0.000000 -0.000000 -0.000000 -0.996501 0.083585
58.000000 -99.301299 21.756474 0.000000 0.000000 0.000000 0.999947 0.010324
58.100000 -100.507771 19.821334 0.000000 -0.000000 -0.000000 -0.791071 0.611725
58.200000 -100.870665 17.286562 0.000000 -0.000000 -0.000000 -0.761111 0.648621
58.300000 -101.168607 15.272031 0.000000 -0.000000 -0.000000 -0.749207 0.662335
58.400000 -101.865542 13.958509 0.000000 0.000000 0.000000 0.991146 0.132776
58.500000 -101.673461 15.457769 0.000000 0.000000 0.000000 0.508868 0.860845
58.600000 -101.207744 17.245124 0.000000 0.000000 0.000000 0.690187 0.723631
58.700000 -100.970485 19.819299 0.000000 0.000000 0.000000 0.662583 0.748989
58.800000 -100.258619 22.139268 0.000000 0.000000 0.000000 0.229064 0.973411
58.900000 -97.757196 22.523125 0.000000 0.000000 0.000000 0.048230 0.998836
59.000000 -95.915001 23.813723 0.000000 0.000000 0.000000 0.539756 0.841822
59.100000 -95.167373 26.049813 0.000000 0.000000 0.000000 0.614896 0.788608
59.200000 -95.984502 27.496323 0.000000 0.000000 0.000000 0.962685 0.270623
59.300000 -97.761255 28.075290 0.000000 0.000000 0.000000 0.996579 0.082646
59.400000 -99.766404 28.452481 0.000000 0.000000 0.000000 0.996441 0.084291
59.500000 -102.285207 28.938265 0.000000 0.000000 0.000000 0.995709 0.092542
59.600000 -105.090703 29.284317 0.000000 0.000000 0.000000 0.999981 0.006086
59.700000 -108.056554 29.436878 0.000000 0.000000 0.000000 0.999936 0.011288
59.800000 -111.029740 29.614639 0.000000 0.000000 0.000000 0.999890 0.014833
59.900000 -113.857639 29.805256 0.000000 0.000000 0.000000 0.999832 0.018351
60.000000 -116.815208 30.015307 0.000000 0.000000 0.000000 0.999784 0.020803
60.100000 -119.645304 30.220974 0.000000 -0.000000 -0.000000 -1.000000 0.000326
60.200000 -122.459450 30.204642 0.000000 0.000000 0.000000 0.999349 0.036074
60.300000 -125.374020 30.845941 0.000000 0.000000 0.000000 0.993479 0.114014
60.400000 -128.283600 31.462215 0.000000 0.000000 0.000000 0.997959 0.063860
60.500000 -131.091346 31.882481 0.000000 0.000000 0.000000 0.997954 0.063941
60.600000 -133.802783 31.953059 0.000000 -0.000000 -0.000000 -0.999320 0.036878
60.700000 -136.513079 31.694481 0.000000 -0.000000 -0.000000 -0.999326 0.036705
60.800000 -139.239076 31.491690 0.000000 -0.000000 -0.000000 -0.999904 0.013841
60.900000 -141.948966 31.415019 0.000000 0.000000 0.000000 0.997440 0.071509
61.000000 -144.520593 31.711457 0.000000 0.000000 0.000000 0.997023 0.077105
61.100000 -147.200999 32.038554 0.000000 0.000000 0.000000 0.996690 0.081299
61.200000 -149.782778 32.398799 0.000000 0.000000 0.000000 0.995732 0.092292
61.300000 -152.421137 32.800127 0.000000 0.000000 0.000000 0.995190 0.097959
61.400000 -154.954713 33.321029 0.000000 0.000000 0.000000 0.995190 0.097968
61.500000 -157.363021 33.828343 0.000000 0.000000 0.000000 0.996406 0.084700
61.600000 -159.908527 34.155613 0.000000 0.000000 0.000000 0.999994 0.003513
61.700000 -162.441150 34.367804 0.000000 0.000000 0.000000 0.960617 0.277876
61.800000 -162.440322 36.312274 0.000000 0.000000 0.000000 0.266253 0.963903
61.900000 -161.744132 38.463431 0.000000 0.000000 0.000000 0.662522 0.749043
62.000000 -161.387307 40.884346 0.000000 0.000000 0.000000 0.672992 0.739650
62.100000 -161.710617 43.443862 0.000000 0.000000 0.000000 0.763482 0.645829
62.200000 -161.859056 46.026317 0.000000 0.000000 0.000000 0.706477 0.707736
62.300000 -161.779776 48.478439 0.000000 0.000000 0.000000 0.686101 0.727506
62.400000 -161.548863 51.041384 0.000000 0.000000 0.000000 0.665412 0.746476
62.500000 -161.168126 53.606233 0.000000 0.000000 0.000000 0.642272 0.766477
62.600000 -160.818063 56.034854 0.000000 0.000000 0.000000 0.670722 0.741709
62.700000 -160.485398 58.590687 0.000000 0.000000 0.000000 0.649626 0.760254
62.800000 -160.029073 61.141185 0.000000 0.000000 0.000000 0.660324 0.750981
62.900000 -159.904312 63.720063 0.000000 0.000000 0.000000 0.695873 0.718165
63.000000 -159.764280 66.171413 0.000000 0.000000 0.000000 0.680692 0.732569
63.100000 -159.510499 68.729790 0.000000 0.000000 0.000000 0.662183 0.749342
63.200000 -159.133381 71.296037 0.000000 0.000000 0.000000 0.645417 0.763831
63.300000 -158.669084 73.699896 0.000000 0.000000 0.000000 0.629296 0.777166
63.400000 -158.383338 76.263718 0.000000 0.000000 0.000000 0.704524 0.709680
63.500000 -158.343049 78.716595 0.000000 0.000000 0.000000 0.698944 0.715177
63.600000 -158.229507 81.301796 0.000000 0.000000 0.000000 0.686721 0.726921
63.700000 -158.043235 83.874684 0.000000 0.000000 0.000000 0.676413 0.736522
63.800000 -157.769744 86.451545 0.000000 0.000000 0.000000 0.663508 0.748169
63.900000 -157.402963 89.006260 0.000000 0.000000 0.000000 0.650561 0.759454
64.000000 -156.954550 91.551864 0.000000 0.000000 0.000000 0.635773 0.771876
64.100000 -156.572402 93.967278 0.000000 0.000000 0.000000 0.670632 0.741790
64.200000 -156.275190 96.540419 0.000000 0.000000 0.000000 0.661985 0.749517
64.300000 -155.920820 99.096034 0.000000 0.000000 0.000000 0.651333 0.758792
64.400000 -155.494406 101.639298 0.000000 0.000000 0.000000 0.652571 0.757728
64.500000 -155.267140 104.082718 0.000000 0.000000 0.000000 0.675560 0.737305
64.600000 -155.012973 106.655349 0.000000 0.000000 0.000000 0.668337 0.743859
64.700000 -154.703187 109.228038 0.000000 0.000000 0.000000 0.662244 0.749288
64.800000 -154.348101 111.789212 0.000000 0.000000 0.000000 0.652568 0.757731
64.900000 -154.124066 114.226776 0.000000 0.000000 0.000000 0.700439 0.713712
65.000000 -154.037787 116.808363 0.000000 0.000000 0.000000 0.694163 0.719818
65.100000 -153.580663 119.311410 0.000000 0.000000 0.000000 0.577755 0.816210
65.200000 -152.691080 121.762174 0.000000 0.000000 0.000000 0.589801 0.807549
65.300000 -152.137166 124.150173 0.000000 0.000000 0.000000 0.630048 0.776556
65.400000 -151.718530 126.566438 0.000000 0.000000 0.000000 0.655157 0.755493
65.500000 -151.345790 129.116767 0.000000 0.000000 0.000000 0.649821 0.760087
65.600000 -150.934189 131.682462 0.000000 0.000000 0.000000 0.645605 0.763672
65.700000 -151.374342 133.322173 0.000000 0.000000 0.000000 0.882054 0.471149
65.800000 -152.393863 134.823778 0.000000 0.000000 0.000000 0.899498 0.436926
65.900000 -153.603718 136.420939 0.000000 0.000000 0.000000 0.889341 0.457244
66.000000 -155.172196 138.484624 0.000000 0.000000 0.000000 0.915154 0.403103
66.100000 -157.132886 140.112357 0.000000 0.000000 0.000000 0.981417 0.191889
66.200000 -159.640597 140.724921 0.000000 0.000000 0.000000 0.994131 0.108182
66.300000 -162.072576 141.230686 0.000000 0.000000 0.000000 0.996515 0.083416
66.400000 -164.380704 141.587892 0.000000 0.000000 0.000000 0.998315 0.058031
66.500000 -166.942674 141.870823 0.000000 0.000000 0.000000 0.999532 0.030587
66.600000 -169.364735 142.260200 0.000000 0.000000 0.000000 0.997601 0.069227
66.700000 -171.931879 142.590056 0.000000 0.000000 0.000000 0.998563 0.053588
66.800000 -174.292983 143.183836 0.000000 0.000000 0.000000 0.982592 0.185779
66.900000 -176.539625 143.854195 0.000000 0.000000 0.000000 0.992985 0.118239
67.000000 -178.549741 144.365710 0.000000 0.000000 0.000000 0.995492 0.094851
67.100000 -180.582050 144.715943 0.000000 0.000000 0.000000 0.999619 0.027601
67.200000 -182.742279 144.861798 0.000000 0.000000 0.000000 0.997748 0.067075
67.300000 -184.584391 145.086560 0.000000 0.000000 0.000000 0.999011 0.044469
67.400000 -186.745521 145.414556 0.000000 0.000000 0.000000 0.990757 0.135650
67.500000 -189.141938 146.083178 0.000000 0.000000 0.000000 0.992523 0.122060
67.600000 -191.521767 146.682769 0.000000 0.000000 0.000000 0.993313 0.115454
67.700000 -194.037641 147.267899 0.000000 0.000000 0.000000 0.994798 0.101871
67.800000 -196.560431 147.811936 0.000000 0.000000 0.000000 0.995345 0.096371
67.900000 -198.333084 147.887095 0.000000 -0.000000 -0.000000 -0.968683 0.248299
68.000000 -199.381509 146.416427 0.000000 -0.000000 -0.000000 -0.760448 0.649399
68.100000 -199.746617 143.921421 0.000000 -0.000000 -0.000000 -0.742827 0.669483
68.200000 -199.566492 141.523566 0.000000 -0.000000 -0.000000 -0.726338 0.687337
68.300000 -199.703248 139.368664 0.000000 -0.000000 -0.000000 -0.716662 0.697420
68.400000 -199.759469 137.746554 0.000000 -0.000000 -0.000000 -0.749579 0.661915
68.500000 -200.740707 135.423635 0.000000 -0.000000 -0.000000 -0.748002 0.663696
68.600000 -200.940291 132.879830 0.000000 -0.000000 -0.000000 -0.719005 0.695005
68.700000 -201.020142 130.444540 0.000000 -0.000000 -0.000000 -0.707295 0.706918
68.800000 -201.048087 127.884408 0.000000 -0.000000 -0.000000 -0.718516 0.695511
68.900000 -201.093408 125.459142 0.000000 -0.000000 -0.000000 -0.698349 0.715758
69.000000 -201.305850 122.904997 0.000000 -0.000000 -0.000000 -0.745659 0.666328
69.100000 -201.557401 120.484155 0.000000 -0.000000 -0.000000 -0.732021 0.681282
69.200000 -201.872146 117.949364 0.000000 -0.000000 -0.000000 -0.794378 0.607423
69.300000 -202.503581 115.599397 0.000000 -0.000000 -0.000000 -0.778244 0.627962
69.400000 -202.926811 113.071272 0.000000 -0.000000 -0.000000 -0.752416 0.658688
69.500000 -203.510369 110.585555 0.000000 -0.000000 -0.000000 -0.783048 0.621961
69.600000 -203.676388 108.168845 0.000000 -0.000000 -0.000000 -0.679579 0.733602
69.700000 -203.486049 105.751956 0.000000 -0.000000 -0.000000 -0.669754 0.742583
69.800000 -204.129539 103.533532 0.000000 -0.000000 -0.000000 -0.834991 0.550264
69.900000 -204.394596 101.853095 0.000000 -0.000000 -0.000000 -0.739211 0.673474
70.000000 -204.844833 100.252694 0.000000 -0.000000 -0.000000 -0.688499 0.725237
70.100000 -204.290824 98.688015 0.000000 -0.000000 -0.000000 -0.495693 0.868498
70.200000 -203.202519 97.666806 0.000000 -0.000000 -0.000000 -0.261970 0.965076
70.300000 -202.314045 96.178039 0.000000 -0.000000 -0.000000 -0.688664 0.725080
70.400000 -204.000472 94.866140 0.000000 -0.000000 -0.000000 -0.943272 0.332021
70.500000 -205.495842 92.882149 0.000000 -0.000000 -0.000000 -0.774084 0.633083
70.600000 -205.812319 90.483350 0.000000 -0.000000 -0.000000 -0.737915 0.674894
70.700000 -205.982444 88.057241 0.000000 -0.000000 -0.000000 -0.718681 0.695340
70.800000 -206.066964 85.498667 0.000000 -0.000000 -0.000000 -0.730644 0.682759
70.900000 -206.452435 83.057347 0.000000 -0.000000 -0.000000 -0.754673 0.656101
71.000000 -206.796869 80.557003 0.000000 -0.000000 -0.000000 -0.751365 0.659887
71.100000 -207.367631 78.064444 0.000000 -0.000000 -0.000000 -0.752666 0.658402
71.200000 -207.828050 75.560751 0.000000 -0.000000 -0.000000 -0.813768 0.581189
71.300000 -208.321882 73.184594 0.000000 -0.000000 -0.000000 -0.747737 0.663995
71.400000 -208.663143 70.650074 0.000000 -0.000000 -0.000000 -0.751745 0.659454
71.500000 -208.940649 68.096190 0.000000 -0.000000 -0.000000 -0.692089 0.721812
71.600000 -208.824187 65.548666 0.000000 -0.000000 -0.000000 -0.679362 0.733803
71.700000 -208.647757 63.121987 0.000000 -0.000000 -0.000000 -0.700958 0.713202
71.800000 -208.759955 60.565753 0.000000 -0.000000 -0.000000 -0.715691 0.698417
71.900000 -209.183785 58.042439 0.000000 -0.000000 -0.000000 -0.779756 0.626084
72.000000 -209.726553 55.675819 0.000000 -0.000000 -0.000000 -0.775444 0.631416
72.100000 -210.060351 53.143640 0.000000 -0.000000 -0.000000 -0.692963 0.720974
72.200000 -210.485674 50.764941 0.000000 -0.000000 -0.000000 -0.772051 0.635560
72.300000 -210.460310 48.493985 0.000000 -0.000000 -0.000000 -0.691757 0.722130
72.400000 -210.576829 46.634351 0.000000 -0.000000 -0.000000 -0.746966 0.664862
72.500000 -210.790119 44.487686 0.000000 -0.000000 -0.000000 -0.613495 0.789698
72.600000 -209.363011 43.539639 0.000000 -0.000000 -0.000000 -0.059460 0.998231
72.700000 -206.978376 43.277582 0.000000 -0.000000 -0.000000 -0.044928 0.998990
72.800000 -204.559911 43.045925 0.000000 -0.000000 -0.000000 -0.079606 0.996826
72.900000 -202.030170 42.675510 0.000000 -0.000000 -0.000000 -0.061135 0.998130
73.000000 -199.473230 42.383898 0.000000 -0.000000 -0.000000 -0.089140 0.996019
73.100000 -196.975862 41.842798 0.000000 -0.000000 -0.000000 -0.139450 0.990229
73.200000 -194.585508 40.932482 0.000000 -0.000000 -0.000000 -0.169656 0.985503
73.300000 -192.277359 40.164237 0.000000 -0.000000 -0.000000 -0.143114 0.989706
73.400000 -189.810537 39.494100 0.000000 -0.000000 -0.000000 -0.112070 0.993700
73.500000 -187.297194 38.969319 0.000000 -0.000000 -0.000000 -0.087441 0.996170
73.600000 -184.891566 38.592143 0.000000 -0.000000 -0.000000 -0.062969 0.998016
73.700000 -182.352944 38.269856 0.000000 -0.000000 -0.000000 -0.086477 0.996254
73.800000 -179.952971 37.892789 0.000000 -0.000000 -0.000000 -0.064721 0.997903
73.900000 -177.435945 37.418557 0.000000 -0.000000 -0.000000 -0.111778 0.993733
74.000000 -174.927395 36.885848 0.000000 -0.000000 -0.000000 -0.090721 0.995876
74.100000 -172.538259 36.448655 0.000000 -0.000000 -0.000000 -0.074865 0.997194
74.200000 -170.114105 35.622838 0.000000 -0.000000 -0.000000 -0.165963 0.986132
74.300000 -167.679675 34.838243 0.000000 -0.000000 -0.000000 -0.139182 0.990267
74.400000 -165.200599 34.252388 0.000000 0.000000 0.000000 0.044651 0.999003
74.500000 -162.741733 34.921811 0.000000 0.000000 0.000000 0.276779 0.960934
74.600000 -161.749333 36.571640 0.000000 0.000000 0.000000 0.695468 0.718557
74.700000 -162.800705 36.928365 0.000000 -0.000000 -0.000000 -0.684613 0.728907
74.800000 -162.116440 35.447010 0.000000 -0.000000 -0.000000 -0.725933 0.687765
74.900000 -161.755905 33.883845 0.000000 -0.000000 -0.000000 -0.251623 0.967825
75.000000 -159.902145 33.547718 0.000000 -0.000000 -0.000000 -0.061087 0.998132
75.100000 -157.475200 33.551780 0.000000 0.000000 0.000000 0.057319 0.998356
75.200000 -154.936095 33.893185 0.000000 0.000000 0.000000 0.081366 0.996684
75.300000 -152.398548 34.226002 0.000000 -0.000000 -0.000000 -0.044055 0.999029
75.400000 -150.124733 33.867259 0.000000 -0.000000 -0.000000 -0.044907 0.998991
75.500000 -147.733414 33.493137 0.000000 -0.000000 -0.000000 -0.084933 0.996387
75.600000 -145.353118 32.987918 0.000000 -0.000000 -0.000000 -0.071435 0.997445
75.700000 -142.964715 32.577205 0.000000 -0.000000 -0.000000 -0.047090 0.998891
75.800000 -140.685106 32.305691 0.000000 -0.000000 -0.000000 -0.021029 0.999779
75.900000 -138.401546 32.154546 0.000000 -0.000000 -0.000000 -0.001913 0.999998
76.000000 -135.980422 32.089523 0.000000 0.000000 0.000000 0.024700 0.999695
76.100000 -133.573440 31.949078 0.000000 -0.000000 -0.000000 -0.051727 0.998661
76.200000 -131.314870 31.493801 0.000000 -0.000000 -0.000000 -0.069797 0.997561
76.300000 -129.187024 31.238139 0.000000 -0.000000 -0.000000 -0.056390 0.998409
76.400000 -127.131783 31.048046 0.000000 -0.000000 -0.000000 -0.048436 0.998826
76.500000 -125.020279 30.900992 0.000000 -0.000000 -0.000000 -0.035169 0.999381
76.600000 -122.991602 30.823207 0.000000 -0.000000 -0.000000 -0.027468 0.999623
76.700000 -120.842634 30.735696 0.000000 -0.000000 -0.000000 -0.040689 0.999172
76.800000 -118.815687 30.562635 0.000000 -0.000000 -0.000000 -0.069144 0.997607
76.900000 -116.689368 30.312619 0.000000 -0.000000 -0.000000 -0.055553 0.998456
77.000000 -114.551002 30.139360 0.000000 -0.000000 -0.000000 -0.044411 0.999013
77.100000 -112.596138 30.025651 0.000000 -0.000000 -0.000000 -0.039788 0.999208
77.200000 -110.460140 29.895016 0.000000 -0.000000 -0.000000 -0.068035 0.997683
77.300000 -108.328527 29.637826 0.000000 -0.000000 -0.000000 -0.064089 0.997944
77.400000 -106.196653 29.405194 0.000000 -0.000000 -0.000000 -0.061351 0.998116
77.500000 -104.176421 29.188620 0.000000 -0.000000 -0.000000 -0.063382 0.997989
77.600000 -102.058081 28.889456 0.000000 -0.000000 -0.000000 -0.070884 0.997485
77.700000 -99.662033 28.567790 0.000000 -0.000000 -0.000000 -0.056751 0.998388
77.800000 -97.125647 28.288466 0.000000 -0.000000 -0.000000 -0.045043 0.998985
77.900000 -94.592355 28.064863 0.000000 -0.000000 -0.000000 -0.038591 0.999255
78.000000 -92.199831 27.724230 0.000000 -0.000000 -0.000000 -0.072385 0.997377
78.100000 -89.692434 27.335510 0.000000 -0.000000 -0.000000 -0.072062 0.997400
78.200000 -87.255163 26.996917 0.000000 -0.000000 -0.000000 -0.058279 0.998300
78.300000 -84.777441 26.619536 0.000000 -0.000000 -0.000000 -0.093151 0.995652
78.400000 -82.272239 26.158524 0.000000 -0.000000 -0.000000 -0.086856 0.996221
78.500000 -79.893295 25.756861 0.000000 -0.000000 -0.000000 -0.076114 0.997099
78.600000 -77.502743 25.390092 0.000000 -0.000000 -0.000000 -0.072574 0.997363
78.700000 -74.982629 25.035657 0.000000 -0.000000 -0.000000 -0.063473 0.997984
78.800000 -72.458887 24.713261 0.000000 -0.000000 -0.000000 -0.057959 0.998319
78.900000 -69.927741 24.416117 0.000000 -0.000000 -0.000000 -0.055304 0.998470
79.000000 -67.397379 24.148429 0.000000 -0.000000 -0.000000 -0.046622 0.998913
79.100000 -65.016765 23.740693 0.000000 -0.000000 -0.000000 -0.092757 0.995689
79.200000 -62.493450 23.247156 0.000000 -0.000000 -0.000000 -0.093838 0.995587
79.300000 -59.970470 22.744909 0.000000 -0.000000 -0.000000 -0.096858 0.995298
79.400000 -57.570996 22.264116 0.000000 -0.000000 -0.000000 -0.094311 0.995543
79.500000 -55.049303 21.765969 0.000000 -0.000000 -0.000000 -0.092590 0.995704
79.600000 -52.651585 21.283614 0.000000 -0.000000 -0.000000 -0.096530 0.995330
79.700000 -50.125579 20.767672 0.000000 -0.000000 -0.000000 -0.097574 0.995228
79.800000 -47.605406 20.262487 0.000000 -0.000000 -0.000000 -0.074535 0.997218
79.900000 -45.176748 19.992858 0.000000 -0.000000 -0.000000 -0.074826 0.997197
80.000000 -42.637924 19.581669 0.000000 -0.000000 -0.000000 -0.076432 0.997075
80.100000 -40.238659 19.157322 0.000000 -0.000000 -0.000000 -0.106408 0.994323
80.200000 -37.718244 18.601715 0.000000 -0.000000 -0.000000 -0.103354 0.994645
80.300000 -35.644924 18.153746 0.000000 -0.000000 -0.000000 -0.106228 0.994342
80.400000 -33.735032 17.736764 0.000000 -0.000000 -0.000000 -0.105707 0.994397
80.500000 -31.222254 17.170277 0.000000 -0.000000 -0.000000 -0.108111 0.994139
80.600000 -28.795683 16.620335 0.000000 -0.000000 -0.000000 -0.107813 0.994171
80.700000 -26.326297 16.061136 0.000000 -0.000000 -0.000000 -0.109521 0.993984
