0.000000 -0.000032 0.000010 0.000036 -0.000005 0.000007 -0.000006 1.000000
0.100000 0.984573 0.033485 -0.057288 0.319204 -0.225808 0.147422 0.908508
0.200000 1.769062 -0.063510 -0.354973 -0.490673 0.255067 0.822184 -0.134884
0.300000 2.716570 0.050900 -0.571119 -0.140250 0.727900 -0.611763 0.276113
0.400000 3.720657 0.174475 -0.883004 -0.205086 -0.242424 -0.463716 0.827126
0.500000 3.690099 1.024622 -0.732287 0.036991 0.621100 0.780796 -0.056773
0.600000 2.681967 1.105854 -0.439258 0.552183 -0.391255 0.709537 0.196393
0.700000 1.798709 0.980361 -0.304612 0.234725 0.166102 0.900468 0.326301
0.800000 0.874461 0.998641 -0.149262 0.452537 -0.095876 0.744511 0.481375
0.900000 -0.184914 1.149547 0.070454 -0.317623 0.606091 -0.496632 0.533973
1.000000 -0.098035 2.186419 0.418646 -0.195544 -0.555013 0.798401 0.127594
1.100000 0.827856 2.043059 -0.019495 0.733221 0.182898 -0.109293 0.645748
1.200000 1.876885 2.034358 -0.117952 0.111276 -0.297093 -0.338947 0.885702
1.300000 2.849530 2.251857 -0.298798 0.397120 0.250293 -0.630635 0.618021
1.400000 3.695163 2.142663 -0.518771 0.297624 -0.531850 0.518372 0.599872
1.500000 3.808630 3.085555 -0.398079 -0.060075 -0.468091 0.823881 0.313849
1.600000 2.838915 3.134770 -0.171955 -0.068480 0.336631 0.554165 0.758216
1.700000 1.783954 3.098459 -0.044411 0.662384 -0.282250 0.152102 0.677087
1.800000 0.867572 3.110861 0.274839 -0.342893 0.648873 -0.324609 0.596672
1.900000 -0.117509 3.148493 0.536355 -0.609770 0.230067 -0.372611 0.660614
2.000000 -0.080872 4.086417 0.575894 0.146080 0.053794 0.467450 0.870205
2.100000 0.887799 4.092533 0.365147 0.316778 0.733094 0.291752 0.526409
2.200000 1.883097 4.075882 0.163088 0.628352 -0.474841 0.565860 -0.243929
2.300000 2.947694 4.169529 -0.149089 0.178165 -0.375636 -0.680844 0.602998
2.400000 3.980169 4.155109 -0.217697 -0.098723 0.344310 0.876708 -0.321073
2.500000 4.121557 3.970267 0.813434 0.114472 0.098358 -0.000973 0.988545
2.600000 3.089194 3.924671 0.907091 -0.249428 -0.337512 0.873163 0.247907
2.700000 2.068060 3.853855 1.041018 -0.318948 0.091856 0.847372 -0.414482
2.800000 1.207408 3.837826 1.348496 0.422582 -0.027853 0.126115 0.897075
2.900000 0.288957 3.770957 1.518516 -0.528186 -0.165201 0.720543 -0.417787
3.000000 0.187438 2.958519 1.486703 0.435096 0.171053 0.445439 0.763555
3.100000 1.113653 2.920774 1.234491 0.042496 0.563946 -0.204275 0.799019
3.200000 2.139114 2.899602 0.933620 -0.500109 -0.259210 0.595536 0.572746
3.300000 3.038939 2.796162 0.687259 0.015466 -0.184545 0.932254 -0.310815
3.400000 4.093022 2.976752 0.560409 0.271083 -0.135419 -0.287185 0.908681
3.500000 3.983766 1.992687 0.375119 -0.353507 0.333805 0.873497 0.024715
3.600000 3.018304 2.011454 0.529283 -0.281094 -0.086202 0.941733 0.163384
3.700000 2.057005 1.857038 0.814474 -0.020851 0.122071 0.990396 0.061482
3.800000 1.092372 1.907971 1.048363 0.032114 -0.282714 0.339299 0.896614
3.900000 0.189250 1.943435 1.253580 -0.385820 0.234073 0.865155 -0.218766
4.000000 0.023053 0.855256 0.976406 -0.188111 0.056440 -0.658559 0.726450
4.100000 0.985345 0.943435 0.859075 -0.494447 -0.059421 -0.428591 0.753857
4.200000 2.004764 0.831926 0.591939 -0.514375 0.267505 0.286634 0.762693
4.300000 2.965889 0.899518 0.349025 0.361746 -0.263894 -0.034463 0.893483
4.400000 3.950980 0.883746 0.184215 -0.122591 0.509024 0.727894 0.442759
4.500000 3.914681 -0.086399 0.183345 0.220759 -0.447826 0.736801 0.455896
4.600000 3.000085 -0.160398 0.320824 0.033694 0.128329 0.952616 -0.273715
4.700000 1.910939 -0.124890 0.493750 0.346065 -0.412699 0.631081 0.558261
4.800000 0.980040 -0.120940 0.810101 -0.565138 -0.114072 -0.399445 0.712777
4.900000 -0.007646 -0.168215 0.944332 0.426041 0.117674 0.896832 -0.018303
5.000000 0.185571 -0.086337 1.778692 0.104407 0.029343 -0.042467 0.993194
5.100000 1.127261 -0.223241 1.628645 -0.391557 -0.314279 0.862277 -0.066256
5.200000 2.276835 -0.233697 1.455780 0.229289 0.117901 -0.772166 0.580763
5.300000 3.126672 -0.410800 1.326069 -0.023482 -0.452096 0.813532 0.364998
5.400000 4.200397 -0.312913 1.271679 -0.188039 -0.117626 0.971901 -0.078825
5.500000 4.159840 0.715524 1.200570 -0.231956 -0.575712 0.426389 0.657986
5.600000 3.238918 0.649048 1.297571 0.441165 0.426336 -0.458132 0.643216
5.700000 2.267026 0.730800 1.603880 0.613758 0.232951 0.732191 0.181471
5.800000 1.288544 0.819991 1.862710 -0.157173 -0.387685 0.222104 0.880720
5.900000 0.252456 0.881164 1.937359 -0.153364 0.263966 0.377512 0.874235
6.000000 0.280618 1.825386 2.184920 -0.118966 0.073340 0.989577 0.034727
6.100000 1.247334 1.798523 2.004656 0.063926 0.033753 0.074282 0.994614
6.200000 2.251594 1.690483 1.744404 0.139504 0.674171 0.597550 0.411055
6.300000 3.243162 1.697361 1.480230 -0.194952 -0.505384 0.826613 0.152614
6.400000 4.139097 1.742657 1.326102 -0.061846 -0.108759 0.983853 -0.127984
6.500000 4.197079 2.759855 1.518106 -0.364811 -0.500479 0.752467 -0.224113
6.600000 3.216689 2.670807 1.686053 0.211714 -0.057201 0.883458 -0.414014
6.700000 2.332687 2.648004 1.952480 0.688123 -0.130979 0.239242 0.672380
6.800000 1.316608 2.791130 2.188229 0.332157 0.385292 -0.090746 0.856147
6.900000 0.363718 2.755816 2.422522 -0.039614 -0.005924 0.306052 0.951172
7.000000 0.379946 3.722003 2.507007 -0.056428 -0.220413 0.949763 0.214905
7.100000 1.414887 3.710875 2.225052 0.475517 -0.233985 0.771912 0.351120
7.200000 2.271711 3.756338 2.100576 0.088348 0.099746 0.954019 0.268502
7.300000 3.333896 3.722462 1.938703 -0.258633 -0.315054 -0.018561 0.912965
7.400000 4.359106 3.805624 1.781177 -0.053399 0.331866 0.928439 0.158162
7.500000 4.404193 3.613031 2.752682 0.082784 0.023486 0.004410 0.996281
7.600000 3.447909 3.550425 2.864870 0.008974 -0.628703 0.652162 0.423483
7.700000 2.538645 3.662553 3.070269 -0.523496 -0.028640 -0.501378 0.688296
7.800000 1.579068 3.646968 3.298696 0.388529 0.508422 0.766111 -0.060215
7.900000 0.548280 3.694602 3.518016 -0.390163 0.353381 -0.226660 0.819463
8.000000 0.527271 2.605506 3.259441 0.391270 -0.263395 0.370907 0.799974
8.100000 1.459693 2.650663 3.073052 -0.120628 -0.545695 0.827421 0.055145
8.200000 2.483713 2.581874 2.935655 0.032550 -0.141823 -0.363019 0.920350
8.300000 3.432407 2.502730 2.690616 -0.202889 0.271181 -0.428460 0.837687
8.400000 4.400405 2.495776 2.454360 -0.408357 0.563925 0.080999 0.713213
8.500000 4.401782 1.476871 2.263834 -0.077536 -0.099883 0.964446 -0.232070
8.600000 3.330468 1.506277 2.585577 0.761080 0.196340 0.183240 0.590449
8.700000 2.399497 1.514201 2.742873 -0.204036 -0.557992 0.740693 -0.313669
8.800000 1.458346 1.604567 2.832796 0.578878 -0.151234 -0.601042 0.529884
8.900000 0.473529 1.648415 3.111759 0.247547 0.643061 0.241851 0.683156
9.000000 0.356883 0.670806 2.970373 -0.131454 0.463968 0.057509 0.874155
9.100000 1.379233 0.527961 2.774509 0.574137 0.198447 -0.417244 0.675939
9.200000 2.402653 0.606033 2.546891 -0.241534 0.051441 0.945549 0.212021
9.300000 3.317035 0.557108 2.409539 0.112921 0.535557 0.100142 0.830903
9.400000 4.317505 0.543471 2.134327 0.080502 0.064310 0.929003 0.355440
9.500000 4.221788 -0.579803 2.076748 -0.273873 0.307504 0.896891 0.161311
9.600000 3.299228 -0.431500 2.347097 -0.250374 0.337528 0.851522 -0.313527
9.700000 2.348469 -0.309901 2.484988 0.641056 0.273980 -0.327864 0.637563
9.800000 1.353933 -0.292607 2.645978 -0.019352 -0.243125 0.270375 0.931350
9.900000 0.261403 -0.273383 2.870560 0.319363 0.367168 -0.006624 0.873585
10.000000 0.457072 -0.379916 3.839091 -0.069185 0.072737 -0.060620 0.993100
10.100000 1.577906 -0.526530 3.625327 -0.224524 0.507706 0.109094 0.824574
10.200000 2.495222 -0.615295 3.423598 0.273392 -0.072055 0.596920 0.750834
10.300000 3.401855 -0.652535 3.277596 0.441256 0.362941 -0.417323 0.706688
10.400000 4.251519 -0.562565 3.108679 -0.302211 -0.083412 -0.701381 0.640137
10.500000 4.342966 0.427715 3.163259 -0.121841 0.259188 0.486650 0.825317
10.600000 3.437844 0.374458 3.379950 0.649978 0.259686 0.680834 0.215772
10.700000 2.513089 0.441307 3.558708 0.616915 -0.023641 0.263458 0.741247
10.800000 1.608235 0.389983 3.732001 0.289421 0.226746 -0.387588 0.845339
10.900000 0.536605 0.470810 3.913337 0.124107 -0.478874 -0.613455 0.615589
11.000000 0.663479 1.580303 4.120295 0.313351 0.449394 0.065832 0.833980
11.100000 1.642479 1.491669 3.785846 0.435099 0.559923 -0.160492 0.686598
11.200000 2.607714 1.404623 3.752896 0.495386 0.423874 0.110417 0.750154
11.300000 3.598080 1.356940 3.515886 -0.087867 0.017961 0.983893 -0.154631
11.400000 4.629706 1.466720 3.294522 -0.209660 0.266783 -0.083988 0.936918
11.500000 4.657792 2.468636 3.439570 0.228117 0.039153 0.893239 -0.385425
11.600000 3.648941 2.363104 3.681257 0.361542 0.080724 0.452468 0.811199
11.700000 2.610419 2.367034 3.937059 -0.449839 0.594856 -0.583006 -0.322329
11.800000 1.655033 2.455929 4.054436 -0.467825 0.085484 0.727730 -0.494207
11.900000 0.804952 2.421459 4.233074 -0.459429 -0.157759 -0.369557 0.792127
12.000000 0.834094 3.296405 4.431728 0.048085 -0.262809 0.783307 0.561293
12.100000 1.742207 3.447105 4.268887 -0.002749 -0.118588 -0.762076 0.636529
12.200000 2.702710 3.396692 4.086685 -0.086910 -0.024651 0.771027 0.630362
12.300000 3.602812 3.346435 3.913455 -0.307929 0.024688 0.908663 0.280895
12.400000 4.473188 3.402556 3.705207 -0.536742 0.264058 -0.363998 0.713923
