0.000000 0.000110 -0.000058 0.000000 0.000000 0.000000 0.000020 1.000000
0.100000 0.082870 0.002996 0.000000 0.000000 0.000000 0.141553 0.989931
0.200000 0.170025 0.033160 0.000000 0.000000 0.000000 0.273936 0.961748
0.300000 0.243530 0.086135 0.000000 0.000000 0.000000 0.380992 0.924578
0.400000 0.306516 0.157620 0.000000 0.000000 0.000000 0.478966 0.877834
0.500000 0.351669 0.242757 0.000000 0.000000 0.000000 0.585434 0.810720
0.600000 0.368857 0.335222 0.000000 0.000000 0.000000 0.677314 0.735694
0.700000 0.413295 0.425411 0.000000 0.000000 0.000000 0.756106 0.654449
0.800000 0.393835 0.543381 0.000000 0.000000 0.000000 0.819126 0.573613
0.900000 0.348396 0.662130 0.000000 0.000000 0.000000 0.862586 0.505910
1.000000 0.287030 0.763233 0.000000 0.000000 0.000000 0.890079 0.455807
1.100000 0.113197 0.967768 0.000000 0.000000 0.000000 0.944974 0.327145
1.200000 -0.011788 1.037458 0.000000 0.000000 0.000000 0.963980 0.265975
1.300000 -0.290183 1.157219 0.000000 0.000000 0.000000 0.989003 0.147893
1.400000 -0.600273 1.251864 0.000000 0.000000 0.000000 0.988987 0.148004
1.500000 -0.904442 1.330287 0.000000 0.000000 0.000000 0.992620 0.121266
1.600000 -1.213855 1.396691 0.000000 0.000000 0.000000 0.993640 0.112602
1.700000 -1.539916 1.469593 0.000000 0.000000 0.000000 0.993273 0.115800
1.800000 -1.818971 1.614146 0.000000 0.000000 0.000000 0.982929 0.183985
1.900000 -1.949107 1.671512 0.000000 0.000000 0.000000 0.989448 0.144888
2.000000 -2.259034 1.758820 0.000000 0.000000 0.000000 0.999663 0.025943
2.100000 -2.584570 1.784694 0.000000 0.000000 0.000000 0.999993 0.003693
2.200000 -2.915760 1.778266 0.000000 0.000000 0.000000 0.999872 0.016024
2.300000 -3.252403 1.796188 0.000000 0.000000 0.000000 0.997458 0.071260
2.400000 -3.584229 1.854925 0.000000 0.000000 0.000000 0.974971 0.222333
2.500000 -3.872175 2.078344 0.000000 0.000000 0.000000 0.934132 0.356929
2.600000 -4.087984 2.303855 0.000000 0.000000 0.000000 0.889816 0.456320
2.700000 -4.240921 2.588165 0.000000 0.000000 0.000000 0.874888 0.484326
2.800000 -4.416932 2.848920 0.000000 0.000000 0.000000 0.865737 0.500499
2.900000 -4.539359 3.089210 0.000000 0.000000 0.000000 0.850247 0.526383
3.000000 -4.623681 3.304234 0.000000 0.000000 0.000000 0.759085 0.650992
3.100000 -4.572328 3.607329 0.000000 0.000000 0.000000 0.389246 0.921134
3.200000 -4.398123 3.671452 0.000000 -0.000000 -0.000000 -0.411240 0.911527
3.300000 -4.395287 3.552671 0.000000 -0.000000 -0.000000 -0.771794 0.635872
3.400000 -4.444534 3.372315 0.000000 -0.000000 -0.000000 -0.780761 0.624829
3.500000 -4.520571 3.073797 0.000000 -0.000000 -0.000000 -0.769057 0.639180
3.600000 -4.575289 2.772539 0.000000 -0.000000 -0.000000 -0.782511 0.622637
3.700000 -4.692301 2.449097 0.000000 -0.000000 -0.000000 -0.890067 0.455829
3.800000 -4.957632 2.198891 0.000000 -0.000000 -0.000000 -0.974573 0.224070
3.900000 -5.275658 2.106087 0.000000 -0.000000 -0.000000 -0.999578 0.029055
4.000000 -5.624913 2.182571 0.000000 0.000000 0.000000 0.994512 0.104623
4.100000 -5.799990 2.217193 0.000000 0.000000 0.000000 0.995214 0.097715
4.200000 -6.034659 2.211530 0.000000 0.000000 0.000000 0.999351 0.036029
4.300000 -6.206517 2.225529 0.000000 -0.000000 -0.000000 -0.995981 0.089568
4.400000 -6.377209 2.193453 0.000000 -0.000000 -0.000000 -0.984693 0.174295
4.500000 -6.540714 2.127953 0.000000 -0.000000 -0.000000 -0.959429 0.281951
4.600000 -6.673341 2.030493 0.000000 -0.000000 -0.000000 -0.918236 0.396035
4.700000 -6.779723 1.903986 0.000000 -0.000000 -0.000000 -0.872403 0.488787
4.800000 -6.953062 1.607405 0.000000 -0.000000 -0.000000 -0.851542 0.524286
4.900000 -7.132279 1.320634 0.000000 -0.000000 -0.000000 -0.958226 0.286014
5.000000 -7.430065 1.248664 0.000000 -0.000000 -0.000000 -0.999866 0.016361
5.100000 -7.673098 1.251522 0.000000 0.000000 0.000000 0.996078 0.088477
5.200000 -7.786208 1.267351 0.000000 0.000000 0.000000 0.998162 0.060603
5.300000 -7.886718 1.268693 0.000000 -0.000000 -0.000000 -0.999500 0.031630
5.400000 -8.022057 1.302181 0.000000 -0.000000 -0.000000 -0.982141 0.188147
5.500000 -8.120480 1.278233 0.000000 -0.000000 -0.000000 -0.942819 0.333306
5.600000 -8.186627 1.191857 0.000000 -0.000000 -0.000000 -0.883154 0.469082
5.700000 -8.247349 1.105753 0.000000 -0.000000 -0.000000 -0.808082 0.589070
5.800000 -8.280980 0.999891 0.000000 -0.000000 -0.000000 -0.704121 0.710080
5.900000 -8.275689 0.893396 0.000000 -0.000000 -0.000000 -0.597073 0.802187
6.000000 -8.236449 0.790086 0.000000 -0.000000 -0.000000 -0.482913 0.875668
6.100000 -8.160887 0.691178 0.000000 -0.000000 -0.000000 -0.346896 0.937904
6.200000 -7.990196 0.532001 0.000000 -0.000000 -0.000000 -0.227049 0.973883
6.300000 -7.691679 0.428962 0.000000 -0.000000 -0.000000 -0.244482 0.969654
6.400000 -7.390709 0.207107 0.000000 -0.000000 -0.000000 -0.312931 0.949776
6.500000 -7.123320 0.008347 0.000000 -0.000000 -0.000000 -0.334471 0.942406
6.600000 -6.860730 -0.237370 0.000000 -0.000000 -0.000000 -0.307887 0.951423
6.700000 -6.671003 -0.414059 0.000000 -0.000000 -0.000000 -0.314801 0.949158
6.800000 -6.482391 -0.536201 0.000000 -0.000000 -0.000000 -0.395889 0.918298
6.900000 -6.318340 -0.774181 0.000000 -0.000000 -0.000000 -0.614814 0.788672
7.000000 -6.334706 -1.015008 0.000000 -0.000000 -0.000000 -0.807317 0.590119
7.100000 -6.455748 -1.252348 0.000000 -0.000000 -0.000000 -0.867805 0.496905
7.200000 -6.599856 -1.491232 0.000000 -0.000000 -0.000000 -0.872583 0.488467
7.300000 -6.665219 -1.609629 0.000000 -0.000000 -0.000000 -0.850396 0.526143
7.400000 -6.727955 -1.744879 0.000000 -0.000000 -0.000000 -0.796258 0.604957
7.500000 -6.800361 -1.879152 0.000000 -0.000000 -0.000000 -0.725128 0.688614
7.600000 -6.782725 -2.012520 0.000000 -0.000000 -0.000000 -0.652886 0.757456
7.700000 -6.749187 -2.151562 0.000000 -0.000000 -0.000000 -0.576583 0.817039
7.800000 -6.648688 -2.407550 0.000000 -0.000000 -0.000000 -0.532842 0.846215
7.900000 -6.553188 -2.666076 0.000000 -0.000000 -0.000000 -0.656074 0.754697
8.000000 -6.550328 -2.917622 0.000000 -0.000000 -0.000000 -0.790562 0.612382
8.100000 -6.632915 -3.182427 0.000000 -0.000000 -0.000000 -0.864493 0.502644
8.200000 -6.809849 -3.368262 0.000000 -0.000000 -0.000000 -0.988782 0.149364
8.300000 -7.119432 -3.405763 0.000000 0.000000 0.000000 0.994745 0.102387
8.400000 -7.376632 -3.346413 0.000000 0.000000 0.000000 0.989587 0.143936
8.500000 -7.533053 -3.295096 0.000000 0.000000 0.000000 0.986624 0.163015
8.600000 -7.600319 -3.269738 0.000000 0.000000 0.000000 0.994094 0.108523
8.700000 -7.656112 -3.204851 0.000000 0.000000 0.000000 0.999929 0.011952
8.800000 -7.712201 -3.253322 0.000000 -0.000000 -0.000000 -0.994989 0.099984
8.900000 -7.751596 -3.261919 0.000000 -0.000000 -0.000000 -0.980554 0.196249
9.000000 -7.826499 -3.268557 0.000000 -0.000000 -0.000000 -0.955222 0.295891
9.100000 -7.837307 -3.276344 0.000000 -0.000000 -0.000000 -0.927453 0.373939
9.200000 -7.841955 -3.281007 0.000000 -0.000000 -0.000000 -0.893064 0.449931
9.300000 -7.842251 -3.281024 0.000000 -0.000000 -0.000000 -0.843717 0.536788
9.400000 -7.842344 -3.280789 0.000000 -0.000000 -0.000000 -0.773167 0.634203
9.500000 -7.892183 -3.275589 0.000000 -0.000000 -0.000000 -0.674921 0.737890
9.600000 -7.892178 -3.275981 0.000000 -0.000000 -0.000000 -0.570839 0.821062
9.700000 -7.892064 -3.276288 0.000000 -0.000000 -0.000000 -0.483164 0.875530
9.800000 -7.892163 -3.275961 0.000000 -0.000000 -0.000000 -0.394277 0.918992
9.900000 -7.892302 -3.275602 0.000000 -0.000000 -0.000000 -0.295734 0.955270
10.000000 -7.892155 -3.275425 0.000000 -0.000000 -0.000000 -0.198645 0.980071
10.100000 -7.891434 -3.275349 0.000000 -0.000000 -0.000000 -0.083556 0.996503
10.200000 -7.883780 -3.274556 0.000000 0.000000 0.000000 0.070845 0.997487
10.300000 -7.860810 -3.266730 0.000000 0.000000 0.000000 0.213114 0.977027
10.400000 -7.878634 -3.289282 0.000000 0.000000 0.000000 0.302383 0.953186
10.500000 -7.725257 -3.169312 0.000000 0.000000 0.000000 0.472074 0.881559
10.600000 -7.606797 -2.942511 0.000000 0.000000 0.000000 0.402378 0.915473
10.700000 -7.367403 -2.725102 0.000000 0.000000 0.000000 0.351008 0.936372
10.800000 -7.283485 -2.652682 0.000000 0.000000 0.000000 0.367741 0.929928
10.900000 -7.100455 -2.466820 0.000000 0.000000 0.000000 0.477861 0.878435
11.000000 -6.953101 -2.265652 0.000000 0.000000 0.000000 0.512653 0.858596
11.100000 -6.814057 -1.984033 0.000000 0.000000 0.000000 0.545739 0.837955
11.200000 -6.682320 -1.657648 0.000000 0.000000 0.000000 0.508721 0.860932
11.300000 -6.456101 -1.401190 0.000000 0.000000 0.000000 0.356143 0.934431
11.400000 -6.208251 -1.182025 0.000000 0.000000 0.000000 0.272243 0.962229
11.500000 -5.882843 -1.041034 0.000000 0.000000 0.000000 0.367829 0.929893
11.600000 -5.764188 -0.922776 0.000000 0.000000 0.000000 0.453450 0.891282
11.700000 -5.664415 -0.773290 0.000000 0.000000 0.000000 0.522266 0.852783
11.800000 -5.591823 -0.609996 0.000000 0.000000 0.000000 0.579246 0.815153
11.900000 -5.502607 -0.242696 0.000000 0.000000 0.000000 0.658402 0.752667
12.000000 -5.469230 0.131505 0.000000 0.000000 0.000000 0.673421 0.739259
12.100000 -5.433217 0.524504 0.000000 0.000000 0.000000 0.657067 0.753832
12.200000 -5.346463 0.913556 0.000000 0.000000 0.000000 0.538641 0.842535
12.300000 -5.151695 1.240933 0.000000 0.000000 0.000000 0.395433 0.918495
12.400000 -4.822125 1.496999 0.000000 0.000000 0.000000 0.187877 0.982192
12.500000 -4.434318 1.544504 0.000000 -0.000000 -0.000000 -0.083675 0.996493
12.600000 -4.115200 1.439045 0.000000 -0.000000 -0.000000 -0.210530 0.977587
12.700000 -3.955062 1.375313 0.000000 -0.000000 -0.000000 -0.154845 0.987939
12.800000 -3.777062 1.321689 0.000000 -0.000000 -0.000000 -0.051810 0.998657
12.900000 -3.582641 1.304919 0.000000 0.000000 0.000000 0.042574 0.999093
13.000000 -3.215830 1.329875 0.000000 0.000000 0.000000 0.161502 0.986872
13.100000 -2.847579 1.469700 0.000000 0.000000 0.000000 0.197847 0.980233
13.200000 -2.480952 1.608374 0.000000 0.000000 0.000000 0.178151 0.984003
13.300000 -2.092551 1.709593 0.000000 0.000000 0.000000 0.051990 0.998648
13.400000 -1.682217 1.654536 0.000000 -0.000000 -0.000000 -0.126787 0.991930
13.500000 -1.283181 1.523498 0.000000 -0.000000 -0.000000 -0.210656 0.977560
13.600000 -0.907724 1.292508 0.000000 -0.000000 -0.000000 -0.245867 0.969304
13.700000 -0.532883 1.084668 0.000000 -0.000000 -0.000000 -0.239926 0.970791
13.800000 -0.150440 0.895695 0.000000 -0.000000 -0.000000 -0.204479 0.978871
13.900000 0.275570 0.727171 0.000000 -0.000000 -0.000000 -0.198531 0.980095
14.000000 0.655504 0.568911 0.000000 -0.000000 -0.000000 -0.191511 0.981490
14.100000 1.053979 0.411995 0.000000 -0.000000 -0.000000 -0.173299 0.984869
14.200000 1.445750 0.229686 0.000000 -0.000000 -0.000000 -0.166281 0.986078
14.300000 1.826478 0.077333 0.000000 -0.000000 -0.000000 -0.187785 0.982210
14.400000 2.199375 -0.088129 0.000000 -0.000000 -0.000000 -0.215926 0.976410
14.500000 2.542663 -0.261580 0.000000 -0.000000 -0.000000 -0.296294 0.955097
14.600000 2.854215 -0.498914 0.000000 -0.000000 -0.000000 -0.407400 0.913250
14.700000 3.137102 -0.809568 0.000000 -0.000000 -0.000000 -0.522209 0.852817
14.800000 3.252032 -1.155879 0.000000 -0.000000 -0.000000 -0.655676 0.755043
14.900000 3.266331 -1.515793 0.000000 -0.000000 -0.000000 -0.803729 0.594995
15.000000 3.117253 -1.857439 0.000000 -0.000000 -0.000000 -0.873751 0.486373
15.100000 2.889490 -2.178554 0.000000 -0.000000 -0.000000 -0.904357 0.426777
15.200000 2.657773 -2.468239 0.000000 -0.000000 -0.000000 -0.905025 0.425358
15.300000 2.409776 -2.789664 0.000000 -0.000000 -0.000000 -0.871997 0.489512
15.400000 2.312937 -2.928644 0.000000 -0.000000 -0.000000 -0.840472 0.541855
15.500000 1.987576 -3.715971 0.000000 -0.000000 -0.000000 -0.535224 0.844710
15.600000 2.063270 -3.855381 0.000000 -0.000000 -0.000000 -0.486174 0.873862
15.700000 2.160259 -3.990405 0.000000 -0.000000 -0.000000 -0.427071 0.904218
15.800000 2.266812 -4.099444 0.000000 -0.000000 -0.000000 -0.358902 0.933375
15.900000 2.377434 -4.235061 0.000000 -0.000000 -0.000000 -0.275348 0.961345
16.000000 2.514320 -4.299062 0.000000 -0.000000 -0.000000 -0.186619 0.982432
16.100000 2.651244 -4.335334 0.000000 -0.000000 -0.000000 -0.080164 0.996782
16.200000 2.778068 -4.354978 0.000000 0.000000 0.000000 0.028414 0.999596
16.300000 2.908754 -4.355268 0.000000 0.000000 0.000000 0.095604 0.995419
16.400000 3.076042 -4.339268 0.000000 0.000000 0.000000 0.183218 0.983072
16.500000 3.175819 -4.301688 0.000000 0.000000 0.000000 0.276105 0.961127
16.600000 3.259406 -4.250613 0.000000 0.000000 0.000000 0.367961 0.929841
16.700000 3.310486 -4.202276 0.000000 0.000000 0.000000 0.442971 0.896536
16.800000 3.364295 -4.134352 0.000000 0.000000 0.000000 0.520975 0.853572
16.900000 3.393519 -4.077024 0.000000 0.000000 0.000000 0.616428 0.787411
17.000000 3.455431 -4.038112 0.000000 0.000000 0.000000 0.702811 0.711377
17.100000 3.464677 -3.958485 0.000000 0.000000 0.000000 0.778635 0.627478
17.200000 3.467668 -3.945610 0.000000 0.000000 0.000000 0.856158 0.516715
17.300000 3.474094 -3.944346 0.000000 0.000000 0.000000 0.911405 0.411511
17.400000 3.480467 -3.943897 0.000000 0.000000 0.000000 0.955463 0.295110
17.500000 3.483480 -3.941579 0.000000 0.000000 0.000000 0.982045 0.188646
17.600000 3.485302 -3.939781 0.000000 0.000000 0.000000 0.996774 0.080254
17.700000 3.481572 -3.889519 0.000000 -0.000000 -0.000000 -0.997971 0.063664
17.800000 3.462188 -3.896737 0.000000 -0.000000 -0.000000 -0.979664 0.200645
17.900000 3.425782 -3.921170 0.000000 -0.000000 -0.000000 -0.950854 0.309639
18.000000 3.263938 -4.059007 0.000000 -0.000000 -0.000000 -0.937803 0.347167
18.100000 3.111510 -4.178335 0.000000 -0.000000 -0.000000 -0.981513 0.191396
18.200000 2.880795 -4.241550 0.000000 0.000000 0.000000 0.997663 0.068331
18.300000 2.638922 -4.173562 0.000000 0.000000 0.000000 0.970947 0.239295
18.400000 2.420950 -4.000824 0.000000 0.000000 0.000000 0.911574 0.411137
18.500000 2.240804 -3.737196 0.000000 0.000000 0.000000 0.867088 0.498155
18.600000 2.113355 -3.444535 0.000000 0.000000 0.000000 0.752865 0.658175
18.700000 2.132160 -3.133509 0.000000 0.000000 0.000000 0.619285 0.785166
18.800000 2.257571 -2.834888 0.000000 0.000000 0.000000 0.490969 0.871177
18.900000 2.455124 -2.555685 0.000000 0.000000 0.000000 0.434111 0.900859
19.000000 2.690559 -2.260624 0.000000 0.000000 0.000000 0.426885 0.904306
19.100000 2.942481 -1.966285 0.000000 0.000000 0.000000 0.398121 0.917333
19.200000 3.202979 -1.708327 0.000000 0.000000 0.000000 0.337842 0.941203
19.300000 3.488172 -1.476235 0.000000 0.000000 0.000000 0.321172 0.947021
19.400000 3.796748 -1.263345 0.000000 0.000000 0.000000 0.264257 0.964452
19.500000 4.161540 -1.099706 0.000000 0.000000 0.000000 0.165353 0.986234
19.600000 4.517910 -0.996070 0.000000 0.000000 0.000000 0.033161 0.999450
19.700000 4.867014 -1.001457 0.000000 -0.000000 -0.000000 -0.100453 0.994942
19.800000 5.173419 -1.151667 0.000000 -0.000000 -0.000000 -0.330766 0.943713
19.900000 5.378928 -1.365590 0.000000 -0.000000 -0.000000 -0.450502 0.892776
20.000000 5.612201 -1.689345 0.000000 -0.000000 -0.000000 -0.469802 0.882772
20.100000 5.797330 -2.002349 0.000000 -0.000000 -0.000000 -0.497594 0.867410
20.200000 5.972934 -2.363114 0.000000 -0.000000 -0.000000 -0.528376 0.849010
20.300000 6.144820 -2.688515 0.000000 -0.000000 -0.000000 -0.531331 0.847164
20.400000 6.300647 -3.066991 0.000000 -0.000000 -0.000000 -0.599591 0.800306
20.500000 6.418337 -3.477212 0.000000 -0.000000 -0.000000 -0.698980 0.715141
20.600000 6.349074 -3.884673 0.000000 -0.000000 -0.000000 -0.776128 0.630575
20.700000 6.215438 -4.283092 0.000000 -0.000000 -0.000000 -0.847222 0.531238
20.800000 6.022593 -4.657157 0.000000 -0.000000 -0.000000 -0.908983 0.416834
20.900000 5.747639 -4.945777 0.000000 -0.000000 -0.000000 -0.924954 0.380079
21.000000 5.410580 -5.254225 0.000000 -0.000000 -0.000000 -0.933803 0.357787
21.100000 5.015455 -5.584010 0.000000 -0.000000 -0.000000 -0.932674 0.360721
21.200000 4.823633 -5.719983 0.000000 -0.000000 -0.000000 -0.932291 0.361708
21.300000 4.486044 -6.025495 0.000000 -0.000000 -0.000000 -0.928897 0.370337
21.400000 4.103706 -6.378866 0.000000 -0.000000 -0.000000 -0.924573 0.381005
21.500000 3.953030 -6.552082 0.000000 -0.000000 -0.000000 -0.926039 0.377428
21.600000 3.592824 -6.895704 0.000000 -0.000000 -0.000000 -0.923887 0.382665
21.700000 3.249844 -7.241045 0.000000 -0.000000 -0.000000 -0.921856 0.387533
21.800000 2.913374 -7.585092 0.000000 -0.000000 -0.000000 -0.922801 0.385278
21.900000 2.565432 -7.941710 0.000000 -0.000000 -0.000000 -0.916110 0.400927
22.000000 2.165503 -8.314776 0.000000 -0.000000 -0.000000 -0.916845 0.399244
22.100000 1.817734 -8.686531 0.000000 -0.000000 -0.000000 -0.918687 0.394985
22.200000 1.477903 -9.047234 0.000000 -0.000000 -0.000000 -0.915476 0.402373
22.300000 1.133802 -9.423471 0.000000 -0.000000 -0.000000 -0.915483 0.402357
22.400000 0.794913 -9.794123 0.000000 -0.000000 -0.000000 -0.913519 0.406796
22.500000 0.422527 -10.155241 0.000000 -0.000000 -0.000000 -0.898889 0.438176
22.600000 0.123505 -10.539128 0.000000 -0.000000 -0.000000 -0.897232 0.441560
22.700000 -0.191064 -10.947578 0.000000 -0.000000 -0.000000 -0.893518 0.449027
22.800000 -0.480464 -11.336899 0.000000 -0.000000 -0.000000 -0.894891 0.446284
22.900000 -0.770966 -11.722095 0.000000 -0.000000 -0.000000 -0.896008 0.444038
23.000000 -1.102726 -12.085441 0.000000 -0.000000 -0.000000 -0.894257 0.447553
23.100000 -1.385344 -12.441992 0.000000 -0.000000 -0.000000 -0.904116 0.427287
23.200000 -1.709349 -12.752612 0.000000 -0.000000 -0.000000 -0.947934 0.318468
23.300000 -2.089567 -13.006747 0.000000 -0.000000 -0.000000 -0.971624 0.236530
23.400000 -2.429273 -13.210564 0.000000 -0.000000 -0.000000 -0.940568 0.339605
23.500000 -2.747127 -13.463887 0.000000 -0.000000 -0.000000 -0.895313 0.445438
23.600000 -2.855565 -13.627489 0.000000 -0.000000 -0.000000 -0.865293 0.501266
23.700000 -2.944279 -13.813704 0.000000 -0.000000 -0.000000 -0.833711 0.552200
23.800000 -3.101964 -14.217377 0.000000 -0.000000 -0.000000 -0.790387 0.612608
23.900000 -3.208882 -14.528370 0.000000 -0.000000 -0.000000 -0.848982 0.528422
24.000000 -3.414036 -14.848701 0.000000 -0.000000 -0.000000 -0.923335 0.383996
24.100000 -3.707192 -15.135144 0.000000 -0.000000 -0.000000 -0.963929 0.266161
24.200000 -3.899799 -15.175321 0.000000 -0.000000 -0.000000 -0.953027 0.302886
24.300000 -4.042116 -15.270428 0.000000 -0.000000 -0.000000 -0.933502 0.358572
24.400000 -4.180011 -15.433864 0.000000 -0.000000 -0.000000 -0.893386 0.449291
24.500000 -4.272910 -15.560869 0.000000 -0.000000 -0.000000 -0.823727 0.566987
24.600000 -4.318324 -15.710199 0.000000 -0.000000 -0.000000 -0.747523 0.664236
24.700000 -4.330331 -15.850896 0.000000 -0.000000 -0.000000 -0.647921 0.761707
24.800000 -4.293678 -15.978617 0.000000 -0.000000 -0.000000 -0.504264 0.863549
24.900000 -4.253216 -16.097289 0.000000 -0.000000 -0.000000 -0.344388 0.938827
25.000000 -4.151717 -16.178121 0.000000 -0.000000 -0.000000 -0.167366 0.985895
25.100000 -4.038437 -16.240401 0.000000 0.000000 0.000000 0.026238 0.999656
25.200000 -3.913382 -16.207441 0.000000 0.000000 0.000000 0.180106 0.983647
25.300000 -3.698779 -16.090405 0.000000 0.000000 0.000000 0.356625 0.934248
25.400000 -3.456686 -15.843949 0.000000 0.000000 0.000000 0.469313 0.883032
25.500000 -3.239377 -15.559411 0.000000 0.000000 0.000000 0.495508 0.868603
25.600000 -3.032520 -15.210860 0.000000 0.000000 0.000000 0.490253 0.871580
25.700000 -2.792702 -14.815802 0.000000 0.000000 0.000000 0.488255 0.872701
25.800000 -2.539814 -14.404855 0.000000 0.000000 0.000000 0.481210 0.876605
25.900000 -2.268771 -13.979381 0.000000 0.000000 0.000000 0.476466 0.879193
26.000000 -1.987649 -13.548465 0.000000 0.000000 0.000000 0.471783 0.881715
26.100000 -1.711574 -13.134981 0.000000 0.000000 0.000000 0.466101 0.884732
26.200000 -1.423077 -12.757234 0.000000 0.000000 0.000000 0.457500 0.889210
26.300000 -1.064214 -12.288677 0.000000 0.000000 0.000000 0.447936 0.894066
26.400000 -0.753641 -11.873459 0.000000 0.000000 0.000000 0.447204 0.894432
26.500000 -0.450064 -11.467032 0.000000 0.000000 0.000000 0.444045 0.896004
26.600000 -0.108369 -11.053030 0.000000 0.000000 0.000000 0.487624 0.873053
26.700000 0.154199 -10.624564 0.000000 0.000000 0.000000 0.497229 0.867619
26.800000 0.398642 -10.202205 0.000000 0.000000 0.000000 0.506825 0.862049
26.900000 0.646025 -9.774359 0.000000 0.000000 0.000000 0.488062 0.872809
27.000000 0.942566 -9.401707 0.000000 0.000000 0.000000 0.380798 0.924658
27.100000 1.332224 -9.098596 0.000000 0.000000 0.000000 0.234332 0.972157
27.200000 1.718444 -8.931668 0.000000 0.000000 0.000000 0.055805 0.998442
27.300000 2.229940 -8.975524 0.000000 -0.000000 -0.000000 -0.097333 0.995252
27.400000 2.652691 -9.085097 0.000000 -0.000000 -0.000000 -0.148684 0.988885
27.500000 3.062393 -9.243000 0.000000 -0.000000 -0.000000 -0.196577 0.980488
27.600000 3.462944 -9.432407 0.000000 -0.000000 -0.000000 -0.254291 0.967128
27.700000 3.850195 -9.708662 0.000000 -0.000000 -0.000000 -0.286201 0.958170
27.800000 4.227183 -9.986098 0.000000 -0.000000 -0.000000 -0.349737 0.936848
27.900000 4.525414 -10.297032 0.000000 -0.000000 -0.000000 -0.382297 0.924039
28.000000 4.856477 -10.653920 0.000000 -0.000000 -0.000000 -0.406135 0.913813
28.100000 5.158341 -10.992361 0.000000 -0.000000 -0.000000 -0.406533 0.913636
28.200000 5.455952 -11.328630 0.000000 -0.000000 -0.000000 -0.415790 0.909461
28.300000 5.741857 -11.725265 0.000000 -0.000000 -0.000000 -0.423385 0.905950
28.400000 6.023021 -12.070620 0.000000 -0.000000 -0.000000 -0.430941 0.902380
28.500000 6.301896 -12.419241 0.000000 -0.000000 -0.000000 -0.428033 0.903763
28.600000 6.579781 -12.760133 0.000000 -0.000000 -0.000000 -0.418223 0.908344
28.700000 6.854799 -13.085102 0.000000 -0.000000 -0.000000 -0.418696 0.908126
28.800000 7.132259 -13.414680 0.000000 -0.000000 -0.000000 -0.415779 0.909466
28.900000 7.643767 -14.080191 0.000000 -0.000000 -0.000000 -0.431564 0.902082
29.000000 7.894055 -14.409697 0.000000 -0.000000 -0.000000 -0.467350 0.884072
29.100000 8.110669 -14.747888 0.000000 -0.000000 -0.000000 -0.493009 0.870024
29.200000 8.291225 -15.083113 0.000000 -0.000000 -0.000000 -0.525860 0.850571
29.300000 8.465988 -15.441978 0.000000 -0.000000 -0.000000 -0.610894 0.791712
29.400000 8.547701 -15.831334 0.000000 -0.000000 -0.000000 -0.615086 0.788460
29.500000 8.629035 -16.152389 0.000000 -0.000000 -0.000000 -0.605556 0.795803
29.600000 8.732471 -16.462689 0.000000 -0.000000 -0.000000 -0.558320 0.829625
29.700000 8.826092 -16.799080 0.000000 -0.000000 -0.000000 -0.485350 0.874320
29.800000 9.054764 -17.031025 0.000000 -0.000000 -0.000000 -0.440205 0.897897
29.900000 9.262239 -17.276983 0.000000 -0.000000 -0.000000 -0.363295 0.931674
30.000000 9.524598 -17.488698 0.000000 -0.000000 -0.000000 -0.265140 0.964210
30.100000 9.679684 -17.570652 0.000000 -0.000000 -0.000000 -0.200098 0.979776
30.200000 9.851338 -17.686490 0.000000 -0.000000 -0.000000 -0.142767 0.989756
30.300000 10.187281 -17.781198 0.000000 -0.000000 -0.000000 -0.077381 0.997002
30.400000 10.581388 -17.819137 0.000000 0.000000 0.000000 0.035359 0.999375
30.500000 10.981648 -17.767802 0.000000 0.000000 0.000000 0.131866 0.991268
30.600000 11.367276 -17.661137 0.000000 0.000000 0.000000 0.147786 0.989019
30.700000 11.755860 -17.575459 0.000000 0.000000 0.000000 0.186876 0.982384
30.800000 12.147872 -17.414614 0.000000 0.000000 0.000000 0.247439 0.968903
30.900000 12.505112 -17.211684 0.000000 0.000000 0.000000 0.309600 0.950867
31.000000 12.835146 -16.952899 0.000000 0.000000 0.000000 0.348525 0.937299
31.100000 13.151354 -16.673497 0.000000 0.000000 0.000000 0.371064 0.928607
31.200000 13.494476 -16.409231 0.000000 0.000000 0.000000 0.373400 0.927670
31.300000 13.661400 -16.240197 0.000000 0.000000 0.000000 0.373902 0.927468
31.400000 14.010264 -15.957144 0.000000 0.000000 0.000000 0.386059 0.922474
31.500000 14.254885 -15.695885 0.000000 0.000000 0.000000 0.386592 0.922251
31.600000 14.558539 -15.385808 0.000000 0.000000 0.000000 0.394801 0.918767
31.700000 14.882270 -15.074632 0.000000 0.000000 0.000000 0.429671 0.902986
31.800000 15.156653 -14.737484 0.000000 0.000000 0.000000 0.429782 0.902933
31.900000 15.481011 -14.386976 0.000000 0.000000 0.000000 0.434533 0.900656
32.000000 15.742479 -14.057883 0.000000 0.000000 0.000000 0.433712 0.901051
32.100000 16.010525 -13.724649 0.000000 0.000000 0.000000 0.426037 0.904706
32.200000 16.292131 -13.420861 0.000000 0.000000 0.000000 0.392213 0.919874
32.300000 16.591330 -13.141050 0.000000 0.000000 0.000000 0.379955 0.925005
32.400000 16.928159 -12.837858 0.000000 0.000000 0.000000 0.336019 0.941855
32.500000 17.348292 -12.547181 0.000000 0.000000 0.000000 0.336199 0.941791
32.600000 17.660661 -12.287058 0.000000 0.000000 0.000000 0.336588 0.941652
32.700000 18.066034 -11.997904 0.000000 0.000000 0.000000 0.341227 0.939981
32.800000 18.425436 -11.701509 0.000000 0.000000 0.000000 0.340119 0.940383
32.900000 18.840409 -11.361648 0.000000 0.000000 0.000000 0.346992 0.937868
33.000000 19.127437 -11.112148 0.000000 0.000000 0.000000 0.348949 0.937142
33.100000 19.526035 -10.798244 0.000000 0.000000 0.000000 0.374546 0.927208
33.200000 19.873538 -10.463010 0.000000 0.000000 0.000000 0.388935 0.921265
33.300000 20.202628 -10.125832 0.000000 0.000000 0.000000 0.387613 0.921822
33.400000 20.543248 -9.821249 0.000000 0.000000 0.000000 0.386119 0.922449
33.500000 20.893813 -9.460408 0.000000 0.000000 0.000000 0.391428 0.920209
33.600000 21.225883 -9.120536 0.000000 0.000000 0.000000 0.372657 0.927969
33.700000 21.638586 -8.790255 0.000000 0.000000 0.000000 0.339159 0.940729
33.800000 21.815970 -8.641699 0.000000 0.000000 0.000000 0.335823 0.941925
33.900000 22.165647 -8.358599 0.000000 0.000000 0.000000 0.334252 0.942484
34.000000 22.574682 -8.030782 0.000000 0.000000 0.000000 0.326625 0.945154
34.100000 22.736641 -7.949501 0.000000 0.000000 0.000000 0.327527 0.944842
34.200000 23.134675 -7.636552 0.000000 0.000000 0.000000 0.328396 0.944540
34.300000 23.588199 -7.277679 0.000000 0.000000 0.000000 0.324515 0.945881
34.400000 23.963565 -7.013982 0.000000 0.000000 0.000000 0.357052 0.934084
34.500000 24.340368 -6.674598 0.000000 0.000000 0.000000 0.358837 0.933400
34.600000 24.773206 -6.280440 0.000000 0.000000 0.000000 0.369705 0.929149
34.700000 25.137226 -5.937462 0.000000 0.000000 0.000000 0.374027 0.927418
34.800000 25.503652 -5.587090 0.000000 0.000000 0.000000 0.370688 0.928758
34.900000 25.869084 -5.244305 0.000000 0.000000 0.000000 0.353670 0.935370
35.000000 26.245596 -4.915671 0.000000 0.000000 0.000000 0.340589 0.940212
35.100000 26.687356 -4.599439 0.000000 0.000000 0.000000 0.309576 0.950875
35.200000 27.099174 -4.302024 0.000000 0.000000 0.000000 0.302367 0.953192
35.300000 27.509612 -4.023720 0.000000 0.000000 0.000000 0.274459 0.961599
35.400000 27.984557 -3.766019 0.000000 0.000000 0.000000 0.273664 0.961825
35.500000 28.414922 -3.499729 0.000000 0.000000 0.000000 0.273505 0.961871
35.600000 28.827134 -3.245171 0.000000 0.000000 0.000000 0.269055 0.963125
35.700000 29.240316 -2.984878 0.000000 0.000000 0.000000 0.290536 0.956864
35.800000 29.599509 -2.724537 0.000000 0.000000 0.000000 0.359149 0.933280
35.900000 29.950681 -2.392946 0.000000 0.000000 0.000000 0.463987 0.885842
36.000000 30.084887 -2.207762 0.000000 0.000000 0.000000 0.538175 0.842833
36.100000 30.218965 -2.004649 0.000000 0.000000 0.000000 0.624424 0.781085
36.200000 30.263156 -1.768412 0.000000 0.000000 0.000000 0.698857 0.715261
36.300000 30.262368 -1.548267 0.000000 0.000000 0.000000 0.762024 0.647548
36.400000 30.269365 -1.350225 0.000000 0.000000 0.000000 0.813605 0.581418
36.500000 30.185617 -1.140784 0.000000 0.000000 0.000000 0.853748 0.520686
36.600000 30.071201 -0.952218 0.000000 0.000000 0.000000 0.889632 0.456679
36.700000 29.837065 -0.554988 0.000000 0.000000 0.000000 0.918890 0.394514
36.800000 29.465766 -0.237929 0.000000 0.000000 0.000000 0.957847 0.287280
36.900000 29.049697 -0.022137 0.000000 0.000000 0.000000 0.984613 0.174747
37.000000 28.601046 0.114808 0.000000 0.000000 0.000000 0.997319 0.073171
37.100000 28.100399 0.189019 0.000000 -0.000000 -0.000000 -0.998924 0.046380
37.200000 27.912125 0.132453 0.000000 -0.000000 -0.000000 -0.994321 0.106419
37.300000 27.449298 0.023479 0.000000 -0.000000 -0.000000 -0.977292 0.211899
37.400000 26.961880 -0.172508 0.000000 -0.000000 -0.000000 -0.968105 0.250547
37.500000 26.531425 -0.360745 0.000000 -0.000000 -0.000000 -0.968685 0.248292
37.600000 26.063361 -0.593538 0.000000 -0.000000 -0.000000 -0.985936 0.167126
37.700000 25.533229 -0.691121 0.000000 -0.000000 -0.000000 -0.998569 0.053480
37.800000 25.053347 -0.702904 0.000000 0.000000 0.000000 0.996153 0.087634
37.900000 24.569766 -0.561255 0.000000 0.000000 0.000000 0.968993 0.247087
38.000000 24.186462 -0.245051 0.000000 0.000000 0.000000 0.936730 0.350052
38.100000 23.847699 0.114898 0.000000 0.000000 0.000000 0.919879 0.392203
38.200000 23.644485 0.312111 0.000000 0.000000 0.000000 0.913134 0.407660
38.300000 23.340191 0.711676 0.000000 0.000000 0.000000 0.901530 0.432717
38.400000 22.973235 1.166729 0.000000 0.000000 0.000000 0.896357 0.443333
38.500000 22.705104 1.582532 0.000000 0.000000 0.000000 0.883316 0.468778
38.600000 22.346285 2.036377 0.000000 0.000000 0.000000 0.873767 0.486345
38.700000 22.101306 2.494712 0.000000 0.000000 0.000000 0.868262 0.496105
38.800000 21.801994 2.992953 0.000000 0.000000 0.000000 0.847515 0.530772
38.900000 21.597669 3.445548 0.000000 0.000000 0.000000 0.879342 0.476191
39.000000 21.242369 3.881036 0.000000 0.000000 0.000000 0.904568 0.426330
39.100000 20.913225 4.317141 0.000000 0.000000 0.000000 0.913302 0.407283
39.200000 20.555470 4.705031 0.000000 0.000000 0.000000 0.932131 0.362120
39.300000 20.179421 5.073690 0.000000 0.000000 0.000000 0.910589 0.413314
39.400000 19.848734 5.514012 0.000000 0.000000 0.000000 0.899299 0.437334
39.500000 19.532545 5.932250 0.000000 0.000000 0.000000 0.884130 0.467241
39.600000 19.245079 6.363470 0.000000 0.000000 0.000000 0.873349 0.487095
39.700000 19.044309 6.841503 0.000000 0.000000 0.000000 0.848260 0.529580
39.800000 18.843826 7.316834 0.000000 0.000000 0.000000 0.785924 0.618324
39.900000 18.751876 7.864973 0.000000 0.000000 0.000000 0.743864 0.668331
40.000000 18.755747 8.329875 0.000000 0.000000 0.000000 0.685844 0.727748
40.100000 18.806044 8.857158 0.000000 0.000000 0.000000 0.579460 0.815000
40.200000 18.973592 9.284825 0.000000 0.000000 0.000000 0.498841 0.866693
40.300000 19.219610 9.654820 0.000000 0.000000 0.000000 0.419387 0.907807
40.400000 19.554954 9.980559 0.000000 0.000000 0.000000 0.310078 0.950711
40.500000 19.923350 10.221419 0.000000 0.000000 0.000000 0.253814 0.967253
40.600000 20.327112 10.417563 0.000000 0.000000 0.000000 0.202003 0.979385
40.700000 20.617210 10.518245 0.000000 0.000000 0.000000 0.141888 0.989883
40.800000 20.899230 10.588330 0.000000 0.000000 0.000000 0.101025 0.994884
40.900000 21.200948 10.652587 0.000000 0.000000 0.000000 0.039228 0.999230
41.000000 21.465284 10.636673 0.000000 0.000000 0.000000 0.052637 0.998614
41.100000 21.770254 10.668995 0.000000 0.000000 0.000000 0.060003 0.998198
41.200000 22.086193 10.694260 0.000000 0.000000 0.000000 0.059666 0.998218
41.300000 22.415989 10.744136 0.000000 0.000000 0.000000 0.041827 0.999125
41.400000 22.760012 10.753887 0.000000 -0.000000 -0.000000 -0.014816 0.999890
41.500000 23.134247 10.724939 0.000000 -0.000000 -0.000000 -0.060266 0.998182
41.600000 23.559408 10.671527 0.000000 -0.000000 -0.000000 -0.071000 0.997476
41.700000 24.613427 10.673096 0.000000 0.000000 0.000000 0.148107 0.988971
41.800000 24.900191 10.730707 0.000000 0.000000 0.000000 0.232464 0.972605
41.900000 25.049233 10.820061 0.000000 0.000000 0.000000 0.334637 0.942347
42.000000 25.271776 10.983565 0.000000 0.000000 0.000000 0.415000 0.909821
42.100000 25.598623 11.370130 0.000000 0.000000 0.000000 0.488373 0.872635
42.200000 25.853852 11.802659 0.000000 0.000000 0.000000 0.511725 0.859150
42.300000 26.095565 12.253121 0.000000 0.000000 0.000000 0.514381 0.857562
42.400000 26.344777 12.694366 0.000000 0.000000 0.000000 0.486781 0.873524
42.500000 26.639251 13.115404 0.000000 0.000000 0.000000 0.428502 0.903541
42.600000 27.019459 13.464881 0.000000 0.000000 0.000000 0.310817 0.950470
42.700000 27.409960 13.680748 0.000000 0.000000 0.000000 0.157969 0.987444
42.800000 27.808246 13.829901 0.000000 0.000000 0.000000 0.170076 0.985431
42.900000 27.970798 13.911263 0.000000 0.000000 0.000000 0.273853 0.961771
43.000000 28.148147 13.970360 0.000000 0.000000 0.000000 0.394685 0.918817
43.100000 28.252799 14.124276 0.000000 0.000000 0.000000 0.490061 0.871688
43.200000 28.342659 14.263664 0.000000 0.000000 0.000000 0.582296 0.812977
43.300000 28.434070 14.492563 0.000000 0.000000 0.000000 0.653507 0.756920
43.400000 28.413795 14.664389 0.000000 0.000000 0.000000 0.688199 0.725522
43.500000 28.452745 15.200037 0.000000 0.000000 0.000000 0.674544 0.738235
43.600000 28.512487 15.719804 0.000000 0.000000 0.000000 0.633282 0.773921
43.700000 28.641690 16.231522 0.000000 0.000000 0.000000 0.586808 0.809726
43.800000 28.822535 16.714530 0.000000 0.000000 0.000000 0.580454 0.814293
43.900000 29.023854 17.186032 0.000000 0.000000 0.000000 0.580234 0.814450
44.000000 29.125082 17.507700 0.000000 0.000000 0.000000 0.565700 0.824611
44.100000 29.311397 17.951854 0.000000 0.000000 0.000000 0.553093 0.833120
44.200000 29.526642 18.496496 0.000000 0.000000 0.000000 0.555140 0.831757
44.300000 29.779567 18.973924 0.000000 0.000000 0.000000 0.552245 0.833682
44.400000 29.989456 19.470429 0.000000 0.000000 0.000000 0.553002 0.833180
44.500000 30.196437 19.961758 0.000000 0.000000 0.000000 0.551524 0.834159
44.600000 30.456631 20.482412 0.000000 0.000000 0.000000 0.560338 0.828264
44.700000 30.654392 20.974300 0.000000 0.000000 0.000000 0.560592 0.828092
44.800000 30.851856 21.469765 0.000000 0.000000 0.000000 0.557816 0.829965
44.900000 31.049812 21.961243 0.000000 0.000000 0.000000 0.559878 0.828575
45.000000 31.252044 22.469537 0.000000 0.000000 0.000000 0.592284 0.805729
45.100000 31.404738 22.962756 0.000000 0.000000 0.000000 0.592953 0.805237
45.200000 31.557672 23.460108 0.000000 0.000000 0.000000 0.608554 0.793513
45.300000 31.687310 23.948225 0.000000 0.000000 0.000000 0.617402 0.786647
45.400000 31.840949 24.430010 0.000000 0.000000 0.000000 0.540595 0.841283
45.500000 32.097094 24.838014 0.000000 0.000000 0.000000 0.394703 0.918809
45.600000 32.460183 25.138432 0.000000 0.000000 0.000000 0.385951 0.922519
45.700000 32.619104 25.295586 0.000000 0.000000 0.000000 0.450107 0.892975
45.800000 32.752697 25.518430 0.000000 0.000000 0.000000 0.513643 0.858004
45.900000 32.849171 25.704809 0.000000 0.000000 0.000000 0.585155 0.810921
46.000000 32.907973 25.908882 0.000000 0.000000 0.000000 0.651741 0.758442
46.100000 32.919767 26.100491 0.000000 0.000000 0.000000 0.739091 0.673606
46.200000 32.937429 26.324838 0.000000 0.000000 0.000000 0.832869 0.553469
46.300000 32.839071 26.483318 0.000000 0.000000 0.000000 0.914769 0.403977
46.400000 32.709660 26.629223 0.000000 0.000000 0.000000 0.971831 0.235679
46.500000 32.561072 26.717016 0.000000 0.000000 0.000000 0.998161 0.060616
46.600000 32.398109 26.692950 0.000000 -0.000000 -0.000000 -0.996521 0.083337
46.700000 32.248605 26.668418 0.000000 -0.000000 -0.000000 -0.972579 0.232572
46.800000 32.113568 26.598045 0.000000 -0.000000 -0.000000 -0.926202 0.377027
46.900000 31.997317 26.480256 0.000000 -0.000000 -0.000000 -0.872170 0.489204
47.000000 31.829890 26.187030 0.000000 -0.000000 -0.000000 -0.822489 0.568781
47.100000 31.702980 25.860026 0.000000 -0.000000 -0.000000 -0.806451 0.591302
47.200000 31.646486 25.640312 0.000000 -0.000000 -0.000000 -0.786135 0.618055
47.300000 31.543629 25.187482 0.000000 -0.000000 -0.000000 -0.734937 0.678136
47.400000 31.507756 24.720310 0.000000 -0.000000 -0.000000 -0.737884 0.674928
47.500000 31.402667 24.153545 0.000000 -0.000000 -0.000000 -0.739949 0.672663
47.600000 31.371944 23.638946 0.000000 -0.000000 -0.000000 -0.774050 0.633125
47.700000 31.195830 23.109557 0.000000 -0.000000 -0.000000 -0.813139 0.582070
47.800000 31.029828 22.665113 0.000000 -0.000000 -0.000000 -0.828399 0.560139
47.900000 30.774576 22.156513 0.000000 -0.000000 -0.000000 -0.846957 0.531661
48.000000 30.542395 21.680917 0.000000 -0.000000 -0.000000 -0.853580 0.520962
48.100000 30.301312 21.214421 0.000000 -0.000000 -0.000000 -0.852462 0.522789
48.200000 30.074560 20.806070 0.000000 -0.000000 -0.000000 -0.849309 0.527896
48.300000 29.780325 20.241910 0.000000 -0.000000 -0.000000 -0.845452 0.534051
48.400000 29.558346 19.812202 0.000000 -0.000000 -0.000000 -0.839628 0.543162
48.500000 29.347124 19.343617 0.000000 -0.000000 -0.000000 -0.835499 0.549492
48.600000 29.145657 18.908275 0.000000 -0.000000 -0.000000 -0.832384 0.554199
48.700000 28.879335 18.327452 0.000000 -0.000000 -0.000000 -0.825835 0.563912
48.800000 28.702732 17.897937 0.000000 -0.000000 -0.000000 -0.814261 0.580498
48.900000 28.540603 17.393595 0.000000 -0.000000 -0.000000 -0.792854 0.609411
49.000000 28.348804 16.840481 0.000000 -0.000000 -0.000000 -0.787168 0.616739
49.100000 28.224862 16.338780 0.000000 -0.000000 -0.000000 -0.787075 0.616858
49.200000 28.092708 15.828122 0.000000 -0.000000 -0.000000 -0.785143 0.619315
49.300000 27.951625 15.319780 0.000000 -0.000000 -0.000000 -0.813643 0.581364
49.400000 27.723923 14.833823 0.000000 -0.000000 -0.000000 -0.823849 0.566809
49.500000 27.530842 14.358762 0.000000 -0.000000 -0.000000 -0.840307 0.542110
49.600000 27.294738 13.853877 0.000000 -0.000000 -0.000000 -0.855280 0.518167
49.700000 27.053878 13.440727 0.000000 -0.000000 -0.000000 -0.863557 0.504251
49.800000 26.794149 13.000562 0.000000 -0.000000 -0.000000 -0.879241 0.476378
49.900000 26.449184 12.519876 0.000000 -0.000000 -0.000000 -0.877674 0.479258
50.000000 26.168309 12.079995 0.000000 -0.000000 -0.000000 -0.873730 0.486412
50.100000 25.846851 11.596418 0.000000 -0.000000 -0.000000 -0.856123 0.516772
50.200000 25.610617 11.178933 0.000000 -0.000000 -0.000000 -0.842366 0.538906
50.300000 25.416185 10.647114 0.000000 -0.000000 -0.000000 -0.797568 0.603230
50.400000 25.265324 10.159723 0.000000 -0.000000 -0.000000 -0.747031 0.664789
50.500000 25.252188 9.893224 0.000000 -0.000000 -0.000000 -0.712749 0.701419
50.600000 25.309983 9.337093 0.000000 -0.000000 -0.000000 -0.612296 0.790629
50.700000 25.439979 8.859618 0.000000 -0.000000 -0.000000 -0.533934 0.845526
50.800000 25.666216 8.426650 0.000000 -0.000000 -0.000000 -0.497757 0.867316
50.900000 25.878359 8.018482 0.000000 -0.000000 -0.000000 -0.583884 0.811837
51.000000 25.928492 7.617650 0.000000 -0.000000 -0.000000 -0.707978 0.706235
51.100000 25.899505 7.220264 0.000000 -0.000000 -0.000000 -0.803355 0.595500
51.200000 25.726955 6.829380 0.000000 -0.000000 -0.000000 -0.910848 0.412743
51.300000 25.417262 6.558088 0.000000 -0.000000 -0.000000 -0.970184 0.242368
51.400000 25.023300 6.423856 0.000000 -0.000000 -0.000000 -0.982306 0.187282
51.500000 24.576036 6.249905 0.000000 -0.000000 -0.000000 -0.985917 0.167235
51.600000 24.088223 6.114483 0.000000 -0.000000 -0.000000 -0.983749 0.179551
51.700000 23.657839 5.925594 0.000000 -0.000000 -0.000000 -0.957494 0.288454
51.800000 23.479977 5.771064 0.000000 -0.000000 -0.000000 -0.932312 0.361656
51.900000 23.328961 5.579151 0.000000 -0.000000 -0.000000 -0.890172 0.455624
52.000000 23.114765 5.152890 0.000000 -0.000000 -0.000000 -0.754795 0.655961
52.100000 23.090424 4.711373 0.000000 -0.000000 -0.000000 -0.615747 0.787944
52.200000 23.248502 4.311623 0.000000 -0.000000 -0.000000 -0.569009 0.822331
52.300000 23.341514 3.915329 0.000000 -0.000000 -0.000000 -0.689337 0.724441
52.400000 23.299990 3.499965 0.000000 -0.000000 -0.000000 -0.824362 0.566063
52.500000 23.106235 3.152515 0.000000 -0.000000 -0.000000 -0.880756 0.473570
52.600000 22.844390 2.776918 0.000000 -0.000000 -0.000000 -0.856501 0.516146
52.700000 22.698606 2.626670 0.000000 -0.000000 -0.000000 -0.796978 0.604008
52.800000 22.636203 2.424514 0.000000 -0.000000 -0.000000 -0.722632 0.691233
52.900000 22.643683 2.212985 0.000000 -0.000000 -0.000000 -0.667327 0.744765
53.000000 22.748467 1.745637 0.000000 -0.000000 -0.000000 -0.584252 0.811573
53.100000 22.816846 1.520945 0.000000 -0.000000 -0.000000 -0.578051 0.816001
53.200000 22.880880 1.290063 0.000000 -0.000000 -0.000000 -0.537281 0.843403
53.300000 22.985261 1.077553 0.000000 -0.000000 -0.000000 -0.438325 0.898816
53.400000 23.131102 0.894647 0.000000 -0.000000 -0.000000 -0.326721 0.945121
53.500000 23.316335 0.714762 0.000000 -0.000000 -0.000000 -0.211139 0.977456
53.600000 23.515880 0.645152 0.000000 -0.000000 -0.000000 -0.087837 0.996135
53.700000 23.762901 0.624595 0.000000 0.000000 0.000000 0.040406 0.999183
53.800000 24.152903 0.664202 0.000000 0.000000 0.000000 0.111082 0.993811
53.900000 24.553662 0.734780 0.000000 0.000000 0.000000 0.016984 0.999856
54.000000 24.980370 0.729946 0.000000 -0.000000 -0.000000 -0.084231 0.996446
54.100000 25.397663 0.650322 0.000000 -0.000000 -0.000000 -0.137419 0.990513
54.200000 25.833913 0.487910 0.000000 -0.000000 -0.000000 -0.226060 0.974113
54.300000 26.269303 0.227359 0.000000 -0.000000 -0.000000 -0.302575 0.953126
54.400000 26.667943 -0.075743 0.000000 -0.000000 -0.000000 -0.381669 0.924299
54.500000 27.021033 -0.457443 0.000000 -0.000000 -0.000000 -0.464263 0.885697
54.600000 27.306508 -0.898271 0.000000 -0.000000 -0.000000 -0.511996 0.858988
54.700000 27.545643 -1.380362 0.000000 -0.000000 -0.000000 -0.599472 0.800396
54.800000 27.581561 -1.934923 0.000000 -0.000000 -0.000000 -0.666994 0.745063
54.900000 27.625945 -2.461509 0.000000 -0.000000 -0.000000 -0.712507 0.701665
55.000000 27.579657 -3.025657 0.000000 -0.000000 -0.000000 -0.791744 0.610853
55.100000 27.422917 -3.468801 0.000000 -0.000000 -0.000000 -0.849381 0.527779
55.200000 27.147785 -3.914370 0.000000 -0.000000 -0.000000 -0.903418 0.428760
55.300000 26.776708 -4.301966 0.000000 -0.000000 -0.000000 -0.929515 0.368785
55.400000 26.393926 -4.664718 0.000000 -0.000000 -0.000000 -0.928615 0.371044
55.500000 26.013437 -5.027460 0.000000 -0.000000 -0.000000 -0.924507 0.381166
55.600000 25.586371 -5.427536 0.000000 -0.000000 -0.000000 -0.931429 0.363922
55.700000 25.207150 -5.734720 0.000000 -0.000000 -0.000000 -0.928141 0.372229
55.800000 24.827528 -6.097619 0.000000 -0.000000 -0.000000 -0.930016 0.367520
55.900000 24.446564 -6.455810 0.000000 -0.000000 -0.000000 -0.930224 0.366993
56.000000 24.019739 -6.845978 0.000000 -0.000000 -0.000000 -0.927137 0.374722
56.100000 23.662590 -7.155904 0.000000 -0.000000 -0.000000 -0.917121 0.398610
56.200000 23.297928 -7.544256 0.000000 -0.000000 -0.000000 -0.886054 0.463582
56.300000 23.014354 -7.960146 0.000000 -0.000000 -0.000000 -0.874888 0.484326
56.400000 22.881643 -8.185367 0.000000 -0.000000 -0.000000 -0.838177 0.545399
56.500000 22.739296 -8.413587 0.000000 -0.000000 -0.000000 -0.791297 0.611432
56.600000 22.690101 -8.662598 0.000000 -0.000000 -0.000000 -0.732592 0.680669
56.700000 22.688769 -8.926014 0.000000 -0.000000 -0.000000 -0.670819 0.741621
56.800000 22.684260 -9.166855 0.000000 -0.000000 -0.000000 -0.607061 0.794655
56.900000 22.765988 -9.451426 0.000000 -0.000000 -0.000000 -0.536199 0.844091
57.000000 23.003019 -9.914754 0.000000 -0.000000 -0.000000 -0.421821 0.906679
57.100000 23.342739 -10.308916 0.000000 -0.000000 -0.000000 -0.364085 0.931366
57.200000 23.719387 -10.650585 0.000000 -0.000000 -0.000000 -0.335257 0.942127
57.300000 24.117388 -10.982403 0.000000 -0.000000 -0.000000 -0.344067 0.938945
57.400000 24.480770 -11.349751 0.000000 -0.000000 -0.000000 -0.419730 0.907649
57.500000 24.787636 -11.745599 0.000000 -0.000000 -0.000000 -0.476510 0.879169
57.600000 25.058411 -12.221534 0.000000 -0.000000 -0.000000 -0.504869 0.863196
57.700000 25.288459 -12.671151 0.000000 -0.000000 -0.000000 -0.504809 0.863231
57.800000 25.408297 -12.900637 0.000000 -0.000000 -0.000000 -0.506407 0.862295
57.900000 25.648806 -13.304319 0.000000 -0.000000 -0.000000 -0.473708 0.880682
58.000000 25.907144 -13.671777 0.000000 -0.000000 -0.000000 -0.438915 0.898528
58.100000 26.002734 -13.853248 0.000000 -0.000000 -0.000000 -0.361273 0.932460
58.200000 26.160242 -13.986311 0.000000 -0.000000 -0.000000 -0.275590 0.961275
58.300000 26.345851 -14.100602 0.000000 -0.000000 -0.000000 -0.166759 0.985998
58.400000 26.579721 -14.161343 0.000000 -0.000000 -0.000000 -0.076617 0.997061
58.500000 26.962219 -14.209591 0.000000 -0.000000 -0.000000 -0.018235 0.999834
58.600000 27.330109 -14.235437 0.000000 -0.000000 -0.000000 -0.116412 0.993201
58.700000 27.668618 -14.384865 0.000000 -0.000000 -0.000000 -0.327514 0.944846
58.800000 27.855779 -14.648933 0.000000 -0.000000 -0.000000 -0.629542 0.776967
58.900000 27.858988 -14.998887 0.000000 -0.000000 -0.000000 -0.830857 0.556486
59.000000 27.683272 -15.202547 0.000000 -0.000000 -0.000000 -0.926133 0.377197
59.100000 27.399821 -15.423724 0.000000 -0.000000 -0.000000 -0.952988 0.303008
59.200000 27.107202 -15.629444 0.000000 -0.000000 -0.000000 -0.952036 0.305985
59.300000 26.774701 -15.860195 0.000000 -0.000000 -0.000000 -0.959569 0.281472
59.400000 26.374721 -16.066688 0.000000 -0.000000 -0.000000 -0.967661 0.252253
59.500000 25.990051 -16.295744 0.000000 -0.000000 -0.000000 -0.960027 0.279908
59.600000 25.646222 -16.557613 0.000000 -0.000000 -0.000000 -0.954166 0.299278
59.700000 25.279914 -16.843948 0.000000 -0.000000 -0.000000 -0.930794 0.365543
59.800000 24.938699 -17.162052 0.000000 -0.000000 -0.000000 -0.874655 0.484746
59.900000 24.832420 -17.354448 0.000000 -0.000000 -0.000000 -0.842891 0.538085
60.000000 24.718554 -17.541498 0.000000 -0.000000 -0.000000 -0.788279 0.615318
60.100000 24.697344 -17.751867 0.000000 -0.000000 -0.000000 -0.713303 0.700856
60.200000 24.702129 -17.983467 0.000000 -0.000000 -0.000000 -0.625567 0.780171
60.300000 24.776812 -18.176673 0.000000 -0.000000 -0.000000 -0.533566 0.845758
60.400000 24.984330 -18.570609 0.000000 -0.000000 -0.000000 -0.444223 0.895916
60.500000 25.281763 -18.887587 0.000000 -0.000000 -0.000000 -0.409136 0.912473
60.600000 25.585101 -19.231439 0.000000 -0.000000 -0.000000 -0.404681 0.914458
60.700000 25.873056 -19.635013 0.000000 -0.000000 -0.000000 -0.429278 0.903173
60.800000 26.157886 -19.982993 0.000000 -0.000000 -0.000000 -0.436546 0.899682
60.900000 26.423899 -20.318140 0.000000 -0.000000 -0.000000 -0.434071 0.900879
61.000000 26.682392 -20.643175 0.000000 -0.000000 -0.000000 -0.434025 0.900901
61.100000 26.907213 -20.994853 0.000000 -0.000000 -0.000000 -0.441996 0.897017
61.200000 27.138796 -21.306369 0.000000 -0.000000 -0.000000 -0.461911 0.886926
61.300000 27.364223 -21.628969 0.000000 -0.000000 -0.000000 -0.476883 0.878967
61.400000 27.561800 -21.955682 0.000000 -0.000000 -0.000000 -0.514776 0.857325
61.500000 27.718493 -22.317748 0.000000 -0.000000 -0.000000 -0.521824 0.853053
61.600000 27.890083 -22.596338 0.000000 -0.000000 -0.000000 -0.448745 0.893660
61.700000 28.104133 -22.830267 0.000000 -0.000000 -0.000000 -0.494951 0.868921
61.800000 28.190946 -23.093095 0.000000 -0.000000 -0.000000 -0.664377 0.747398
61.900000 28.176553 -23.293908 0.000000 -0.000000 -0.000000 -0.832126 0.554586
62.000000 28.026285 -23.489070 0.000000 -0.000000 -0.000000 -0.990328 0.138745
62.100000 27.837190 -23.462475 0.000000 0.000000 0.000000 0.884299 0.466922
62.200000 27.776666 -23.253749 0.000000 0.000000 0.000000 0.678506 0.734594
62.300000 27.833886 -23.086308 0.000000 0.000000 0.000000 0.668235 0.743950
62.400000 27.853275 -22.941068 0.000000 0.000000 0.000000 0.707238 0.706975
62.500000 27.845763 -22.837204 0.000000 0.000000 0.000000 0.762364 0.647148
62.600000 27.819022 -22.680414 0.000000 0.000000 0.000000 0.813707 0.581276
62.700000 27.758675 -22.513934 0.000000 0.000000 0.000000 0.863344 0.504616
62.800000 27.554943 -22.199488 0.000000 0.000000 0.000000 0.917749 0.397162
62.900000 27.405816 -22.053919 0.000000 0.000000 0.000000 0.940063 0.341001
63.000000 27.057943 -21.832500 0.000000 0.000000 0.000000 0.985468 0.169863
63.100000 26.646149 -21.737205 0.000000 -0.000000 -0.000000 -0.999992 0.003879
63.200000 26.441402 -21.715305 0.000000 -0.000000 -0.000000 -0.989171 0.146767
63.300000 26.226571 -21.782651 0.000000 -0.000000 -0.000000 -0.964410 0.264412
63.400000 26.026510 -21.908385 0.000000 -0.000000 -0.000000 -0.930916 0.365232
63.500000 25.731818 -22.186804 0.000000 -0.000000 -0.000000 -0.890225 0.455522
63.600000 25.412316 -22.607751 0.000000 -0.000000 -0.000000 -0.880431 0.474174
63.700000 25.179224 -22.969621 0.000000 -0.000000 -0.000000 -0.862249 0.506485
63.800000 24.943442 -23.420993 0.000000 -0.000000 -0.000000 -0.863466 0.504408
63.900000 24.687332 -23.787598 0.000000 -0.000000 -0.000000 -0.860547 0.509372
64.000000 24.469714 -24.136883 0.000000 -0.000000 -0.000000 -0.889679 0.456586
64.100000 24.224716 -24.427618 0.000000 -0.000000 -0.000000 -0.957876 0.287182
64.200000 23.796526 -24.547007 0.000000 -0.000000 -0.000000 -0.996871 0.079051
64.300000 23.488611 -24.595986 0.000000 0.000000 0.000000 0.995138 0.098485
64.400000 23.071034 -24.440177 0.000000 0.000000 0.000000 0.981408 0.191935
64.500000 22.645956 -24.278218 0.000000 0.000000 0.000000 0.984965 0.172754
64.600000 22.185591 -24.102690 0.000000 0.000000 0.000000 0.981133 0.193336
64.700000 21.735850 -23.899713 0.000000 0.000000 0.000000 0.968977 0.247149
64.800000 21.369834 -23.595132 0.000000 0.000000 0.000000 0.938510 0.345251
64.900000 20.988208 -23.266045 0.000000 0.000000 0.000000 0.869337 0.494221
65.000000 20.790964 -22.808956 0.000000 0.000000 0.000000 0.781516 0.623885
65.100000 20.739898 -22.328685 0.000000 0.000000 0.000000 0.702949 0.711241
65.200000 20.779882 -21.814474 0.000000 0.000000 0.000000 0.618713 0.785617
65.300000 20.850359 -21.554105 0.000000 0.000000 0.000000 0.596297 0.802764
65.400000 20.994315 -21.097840 0.000000 0.000000 0.000000 0.583303 0.812255
65.500000 21.213949 -20.662907 0.000000 0.000000 0.000000 0.519692 0.854354
65.600000 21.483554 -20.250597 0.000000 0.000000 0.000000 0.445534 0.895265
65.700000 21.791182 -19.864055 0.000000 0.000000 0.000000 0.386187 0.922421
65.800000 22.181234 -19.510943 0.000000 0.000000 0.000000 0.310310 0.950635
65.900000 22.419589 -19.380539 0.000000 0.000000 0.000000 0.311975 0.950090
66.000000 22.834292 -19.094147 0.000000 0.000000 0.000000 0.281934 0.959434
66.100000 23.269520 -18.836846 0.000000 0.000000 0.000000 0.244362 0.969684
66.200000 23.738556 -18.613289 0.000000 0.000000 0.000000 0.271035 0.962569
66.300000 23.940871 -18.487933 0.000000 0.000000 0.000000 0.329705 0.944084
66.400000 24.126403 -18.335847 0.000000 0.000000 0.000000 0.397874 0.917440
66.500000 24.284714 -18.192350 0.000000 0.000000 0.000000 0.495454 0.868634
66.600000 24.371736 -18.012799 0.000000 0.000000 0.000000 0.602766 0.797918
66.700000 24.405705 -17.786285 0.000000 0.000000 0.000000 0.708879 0.705330
66.800000 24.421269 -17.631708 0.000000 0.000000 0.000000 0.825143 0.564924
66.900000 24.339806 -17.444706 0.000000 0.000000 0.000000 0.912875 0.408240
67.000000 24.240500 -17.366118 0.000000 0.000000 0.000000 0.966385 0.257099
67.100000 24.111115 -17.285067 0.000000 0.000000 0.000000 0.993687 0.112185
67.200000 23.950413 -17.251183 0.000000 -0.000000 -0.000000 -0.998963 0.045525
67.300000 23.784135 -17.274860 0.000000 -0.000000 -0.000000 -0.980231 0.197857
67.400000 23.618753 -17.352743 0.000000 -0.000000 -0.000000 -0.950898 0.309504
67.500000 23.296206 -17.568839 0.000000 -0.000000 -0.000000 -0.922903 0.385033
67.600000 22.980293 -17.914941 0.000000 -0.000000 -0.000000 -0.904488 0.426499
67.700000 22.664470 -18.264811 0.000000 -0.000000 -0.000000 -0.886830 0.462097
67.800000 22.371974 -18.730932 0.000000 -0.000000 -0.000000 -0.877901 0.478842
67.900000 22.095989 -19.175047 0.000000 -0.000000 -0.000000 -0.863731 0.503954
68.000000 21.831291 -19.616484 0.000000 -0.000000 -0.000000 -0.850339 0.526235
68.100000 21.610226 -20.127530 0.000000 -0.000000 -0.000000 -0.829595 0.558365
68.200000 21.417900 -20.614170 0.000000 -0.000000 -0.000000 -0.803640 0.595116
68.300000 21.265426 -21.118754 0.000000 -0.000000 -0.000000 -0.794024 0.607887
68.400000 21.133496 -21.611718 0.000000 -0.000000 -0.000000 -0.795113 0.606461
68.500000 20.969681 -22.109105 0.000000 -0.000000 -0.000000 -0.763463 0.645851
68.600000 20.875867 -22.637998 0.000000 -0.000000 -0.000000 -0.780617 0.625010
68.700000 20.725851 -23.160120 0.000000 -0.000000 -0.000000 -0.832420 0.554146
68.800000 20.500620 -23.624848 0.000000 -0.000000 -0.000000 -0.877979 0.478699
68.900000 20.182706 -24.032582 0.000000 -0.000000 -0.000000 -0.927617 0.373532
69.000000 19.812464 -24.389153 0.000000 -0.000000 -0.000000 -0.931826 0.362905
69.100000 19.376718 -24.734639 0.000000 -0.000000 -0.000000 -0.932441 0.361322
69.200000 18.992531 -25.085691 0.000000 -0.000000 -0.000000 -0.933498 0.358583
69.300000 18.610455 -25.422622 0.000000 -0.000000 -0.000000 -0.935264 0.353951
69.400000 18.229465 -25.762770 0.000000 -0.000000 -0.000000 -0.936622 0.350341
69.500000 18.036053 -25.944328 0.000000 -0.000000 -0.000000 -0.930490 0.366317
69.600000 17.848994 -26.115219 0.000000 -0.000000 -0.000000 -0.909526 0.415647
69.700000 17.535938 -26.518226 0.000000 -0.000000 -0.000000 -0.850479 0.526009
69.800000 17.385347 -26.770786 0.000000 -0.000000 -0.000000 -0.813326 0.581808
69.900000 17.226892 -27.506259 0.000000 -0.000000 -0.000000 -0.756263 0.654267
70.000000 17.200694 -27.723410 0.000000 -0.000000 -0.000000 -0.765154 0.643848
70.100000 17.096076 -28.175492 0.000000 -0.000000 -0.000000 -0.859043 0.511903
70.200000 16.820044 -28.528338 0.000000 -0.000000 -0.000000 -0.940277 0.340411
70.300000 16.413463 -28.754598 0.000000 -0.000000 -0.000000 -0.988291 0.152580
70.400000 16.014916 -28.833429 0.000000 -0.000000 -0.000000 -0.999530 0.030649
70.500000 15.764150 -28.867104 0.000000 -0.000000 -0.000000 -0.999068 0.043171
70.600000 15.538806 -28.861126 0.000000 -0.000000 -0.000000 -0.992102 0.125431
70.700000 15.126260 -29.039122 0.000000 -0.000000 -0.000000 -0.971025 0.238976
70.800000 14.900357 -29.151176 0.000000 -0.000000 -0.000000 -0.970990 0.239121
70.900000 14.525108 -29.327737 0.000000 -0.000000 -0.000000 -0.983991 0.178220
71.000000 14.100667 -29.406376 0.000000 -0.000000 -0.000000 -0.999869 0.016176
71.100000 13.729040 -29.355683 0.000000 0.000000 0.000000 0.979085 0.203450
71.200000 13.355563 -29.156905 0.000000 0.000000 0.000000 0.979636 0.200781
71.300000 13.219526 -29.092750 0.000000 0.000000 0.000000 0.990688 0.136152
71.400000 12.866818 -29.012061 0.000000 0.000000 0.000000 0.999726 0.023397
71.500000 12.477826 -29.015429 0.000000 -0.000000 -0.000000 -0.999500 0.031622
71.600000 12.092228 -29.016670 0.000000 -0.000000 -0.000000 -0.995519 0.094559
71.700000 11.701653 -29.116645 0.000000 -0.000000 -0.000000 -0.990682 0.136196
71.800000 11.293542 -29.211005 0.000000 -0.000000 -0.000000 -0.986563 0.163381
71.900000 10.923010 -29.346941 0.000000 -0.000000 -0.000000 -0.973557 0.228446
72.000000 10.554875 -29.559392 0.000000 -0.000000 -0.000000 -0.952259 0.305291
72.100000 10.248681 -29.817119 0.000000 -0.000000 -0.000000 -0.931102 0.364759
72.200000 10.070650 -29.963902 0.000000 -0.000000 -0.000000 -0.897542 0.440929
72.300000 9.954166 -30.112773 0.000000 -0.000000 -0.000000 -0.846195 0.532873
72.400000 9.814275 -30.475217 0.000000 -0.000000 -0.000000 -0.724913 0.688840
72.500000 9.822202 -30.834955 0.000000 -0.000000 -0.000000 -0.625882 0.779918
72.600000 9.922278 -31.197961 0.000000 -0.000000 -0.000000 -0.566281 0.824212
72.700000 10.065414 -31.523557 0.000000 -0.000000 -0.000000 -0.516411 0.856341
72.800000 10.154958 -31.687360 0.000000 -0.000000 -0.000000 -0.467173 0.884166
72.900000 10.249391 -31.826892 0.000000 -0.000000 -0.000000 -0.386183 0.922422
73.000000 10.368277 -31.943554 0.000000 -0.000000 -0.000000 -0.286146 0.958186
73.100000 10.500293 -32.020634 0.000000 -0.000000 -0.000000 -0.168595 0.985685
73.200000 10.652040 -32.065695 0.000000 -0.000000 -0.000000 -0.046101 0.998937
73.300000 10.847072 -32.080412 0.000000 0.000000 0.000000 0.077173 0.997018
73.400000 10.972301 -32.073501 0.000000 0.000000 0.000000 0.182155 0.983270
73.500000 11.109807 -31.985474 0.000000 0.000000 0.000000 0.296313 0.955091
73.600000 11.219729 -31.875151 0.000000 0.000000 0.000000 0.421395 0.906877
73.700000 11.322739 -31.760779 0.000000 0.000000 0.000000 0.529708 0.848180
73.800000 11.384356 -31.667247 0.000000 0.000000 0.000000 0.610615 0.791928
73.900000 11.425525 -31.503180 0.000000 0.000000 0.000000 0.705492 0.708718
74.000000 11.433212 -31.295802 0.000000 0.000000 0.000000 0.772591 0.634904
74.100000 11.395513 -31.139115 0.000000 0.000000 0.000000 0.821657 0.569982
74.200000 11.325360 -30.977839 0.000000 0.000000 0.000000 0.863839 0.503768
74.300000 11.138044 -30.660982 0.000000 0.000000 0.000000 0.880037 0.474905
74.400000 10.932927 -30.300983 0.000000 0.000000 0.000000 0.841131 0.540832
74.500000 10.821005 -29.914818 0.000000 0.000000 0.000000 0.783363 0.621565
74.600000 10.774145 -29.490335 0.000000 0.000000 0.000000 0.769953 0.638101
74.700000 10.747297 -29.057591 0.000000 0.000000 0.000000 0.755257 0.655429
74.800000 10.678376 -28.592221 0.000000 0.000000 0.000000 0.758500 0.651673
74.900000 10.643597 -28.152314 0.000000 0.000000 0.000000 0.807719 0.589567
75.000000 10.495940 -27.716628 0.000000 0.000000 0.000000 0.791491 0.611181
75.100000 10.438242 -27.278791 0.000000 0.000000 0.000000 0.738844 0.673876
75.200000 10.402359 -26.837445 0.000000 0.000000 0.000000 0.729466 0.684017
75.300000 10.400461 -26.395798 0.000000 0.000000 0.000000 0.747360 0.664420
75.400000 10.392074 -26.191528 0.000000 0.000000 0.000000 0.770781 0.637101
75.500000 10.307869 -25.757699 0.000000 0.000000 0.000000 0.831542 0.555461
75.600000 10.228004 -25.578403 0.000000 0.000000 0.000000 0.859090 0.511825
75.700000 10.136322 -25.426223 0.000000 0.000000 0.000000 0.887825 0.460181
75.800000 9.926257 -25.124516 0.000000 0.000000 0.000000 0.937711 0.347416
75.900000 9.803502 -25.034486 0.000000 0.000000 0.000000 0.958091 0.286464
76.000000 9.684696 -24.978798 0.000000 0.000000 0.000000 0.973067 0.230523
76.100000 9.403279 -24.846498 0.000000 0.000000 0.000000 0.989425 0.145046
76.200000 9.136472 -24.754468 0.000000 0.000000 0.000000 0.980196 0.198029
76.300000 8.905487 -24.585316 0.000000 0.000000 0.000000 0.961418 0.275091
76.400000 8.683970 -24.426275 0.000000 0.000000 0.000000 0.941539 0.336903
76.500000 8.493686 -24.245443 0.000000 0.000000 0.000000 0.918152 0.396229
76.600000 8.331400 -24.023706 0.000000 0.000000 0.000000 0.898602 0.438764
76.700000 8.140878 -23.772485 0.000000 0.000000 0.000000 0.884965 0.465657
76.800000 7.965375 -23.486484 0.000000 0.000000 0.000000 0.862834 0.505488
76.900000 7.862840 -23.182665 0.000000 0.000000 0.000000 0.829462 0.558562
77.000000 7.732593 -22.847883 0.000000 0.000000 0.000000 0.811129 0.584868
77.100000 7.627878 -22.483977 0.000000 0.000000 0.000000 0.768943 0.639317
77.200000 7.567561 -22.090193 0.000000 0.000000 0.000000 0.706084 0.708128
77.300000 7.627573 -21.728439 0.000000 0.000000 0.000000 0.683462 0.729986
77.400000 7.708694 -21.359785 0.000000 0.000000 0.000000 0.576537 0.817071
77.500000 7.907482 -21.022358 0.000000 0.000000 0.000000 0.451804 0.892117
77.600000 8.139412 -20.713116 0.000000 0.000000 0.000000 0.427665 0.903937
77.700000 8.406182 -20.413420 0.000000 0.000000 0.000000 0.400271 0.916397
77.800000 8.721430 -20.102051 0.000000 0.000000 0.000000 0.459578 0.888137
77.900000 8.812622 -19.950726 0.000000 0.000000 0.000000 0.499173 0.866502
78.000000 8.911278 -19.744441 0.000000 0.000000 0.000000 0.571179 0.820825
78.100000 9.043864 -19.332880 0.000000 0.000000 0.000000 0.649202 0.760616
78.200000 9.069999 -19.124261 0.000000 0.000000 0.000000 0.684132 0.729358
78.300000 9.113154 -18.937633 0.000000 0.000000 0.000000 0.728158 0.685410
78.400000 9.083428 -18.748046 0.000000 0.000000 0.000000 0.788885 0.614541
78.500000 9.036710 -18.528034 0.000000 0.000000 0.000000 0.859466 0.511193
78.600000 8.915734 -18.394354 0.000000 0.000000 0.000000 0.907825 0.419350
78.700000 8.812843 -18.265794 0.000000 0.000000 0.000000 0.947745 0.319027
78.800000 8.688050 -18.167904 0.000000 0.000000 0.000000 0.976060 0.217503
78.900000 8.395472 -18.081113 0.000000 0.000000 0.000000 0.986582 0.163264
79.000000 8.124877 -17.913786 0.000000 0.000000 0.000000 0.961852 0.273569
79.100000 7.866475 -17.761486 0.000000 0.000000 0.000000 0.920356 0.391081
79.200000 7.677510 -17.484949 0.000000 0.000000 0.000000 0.851600 0.524192
79.300000 7.553650 -17.119886 0.000000 0.000000 0.000000 0.781573 0.623813
79.400000 7.544737 -16.789418 0.000000 0.000000 0.000000 0.697448 0.716635
79.500000 7.559881 -16.460842 0.000000 0.000000 0.000000 0.660010 0.751256
79.600000 7.654096 -16.146669 0.000000 0.000000 0.000000 0.649135 0.760673
79.700000 7.704588 -15.778346 0.000000 0.000000 0.000000 0.654621 0.755957
79.800000 7.755537 -15.388856 0.000000 0.000000 0.000000 0.726593 0.687068
79.900000 7.741037 -15.180313 0.000000 0.000000 0.000000 0.775531 0.631309
80.000000 7.674350 -14.974270 0.000000 0.000000 0.000000 0.816819 0.576894
80.100000 7.560509 -14.583178 0.000000 0.000000 0.000000 0.862952 0.505286
80.200000 7.313553 -14.197318 0.000000 0.000000 0.000000 0.896874 0.442285
80.300000 7.004826 -13.821854 0.000000 0.000000 0.000000 0.908807 0.417216
80.400000 6.697872 -13.387415 0.000000 0.000000 0.000000 0.888083 0.459683
80.500000 6.414352 -12.976662 0.000000 0.000000 0.000000 0.874257 0.485463
80.600000 6.148557 -12.539122 0.000000 0.000000 0.000000 0.857562 0.514381
80.700000 5.924191 -12.052532 0.000000 0.000000 0.000000 0.861683 0.507448
80.800000 5.695197 -11.617069 0.000000 0.000000 0.000000 0.885550 0.464544
80.900000 5.400241 -11.209101 0.000000 0.000000 0.000000 0.909871 0.414891
81.000000 5.047897 -10.838104 0.000000 0.000000 0.000000 0.931429 0.363923
81.100000 4.668034 -10.490888 0.000000 0.000000 0.000000 0.934720 0.355386
81.200000 4.306096 -10.152108 0.000000 0.000000 0.000000 0.917501 0.397734
81.300000 3.973818 -9.723922 0.000000 0.000000 0.000000 0.900013 0.435863
81.400000 3.672960 -9.307209 0.000000 0.000000 0.000000 0.881924 0.471391
81.500000 3.437380 -8.874659 0.000000 0.000000 0.000000 0.836999 0.547204
81.600000 3.255257 -8.371822 0.000000 0.000000 0.000000 0.739204 0.673482
81.700000 3.289946 -7.879917 0.000000 0.000000 0.000000 0.583554 0.812075
81.800000 3.538332 -7.449838 0.000000 0.000000 0.000000 0.461867 0.886949
81.900000 3.682293 -7.220229 0.000000 0.000000 0.000000 0.448525 0.893770
82.000000 3.986191 -6.814588 0.000000 0.000000 0.000000 0.402682 0.915340
82.100000 4.202092 -6.601446 0.000000 0.000000 0.000000 0.372468 0.928045
82.200000 4.567970 -6.253703 0.000000 0.000000 0.000000 0.369915 0.929066
82.300000 4.948375 -5.896371 0.000000 0.000000 0.000000 0.357761 0.933813
82.400000 5.378772 -5.557962 0.000000 0.000000 0.000000 0.338711 0.940890
82.500000 5.773876 -5.233216 0.000000 0.000000 0.000000 0.339145 0.940734
82.600000 6.173914 -4.915146 0.000000 0.000000 0.000000 0.337443 0.941346
82.700000 6.596461 -4.584345 0.000000 0.000000 0.000000 0.310020 0.950730
82.800000 7.012938 -4.287755 0.000000 0.000000 0.000000 0.291939 0.956437
82.900000 7.454052 -4.017033 0.000000 0.000000 0.000000 0.210967 0.977493
83.000000 7.956441 -3.791458 0.000000 0.000000 0.000000 0.111140 0.993805
83.100000 8.469308 -3.733940 0.000000 -0.000000 -0.000000 -0.007322 0.999973
83.200000 8.955399 -3.803762 0.000000 -0.000000 -0.000000 -0.183863 0.982952
83.300000 9.424493 -4.014560 0.000000 -0.000000 -0.000000 -0.318880 0.947795
83.400000 9.809163 -4.405437 0.000000 -0.000000 -0.000000 -0.413728 0.910400
83.500000 10.176041 -4.856905 0.000000 -0.000000 -0.000000 -0.435865 0.900012
83.600000 10.499684 -5.269469 0.000000 -0.000000 -0.000000 -0.444561 0.895748
83.700000 10.737869 -5.614772 0.000000 -0.000000 -0.000000 -0.438854 0.898558
83.800000 11.134683 -6.091461 0.000000 -0.000000 -0.000000 -0.430589 0.902548
83.900000 11.464250 -6.502476 0.000000 -0.000000 -0.000000 -0.438544 0.898710
84.000000 11.793701 -6.894050 0.000000 -0.000000 -0.000000 -0.427815 0.903866
84.100000 12.102628 -7.334928 0.000000 -0.000000 -0.000000 -0.417848 0.908517
84.200000 12.408867 -7.669660 0.000000 -0.000000 -0.000000 -0.419437 0.907785
84.300000 12.783056 -8.130995 0.000000 -0.000000 -0.000000 -0.413577 0.910469
84.400000 13.117346 -8.515356 0.000000 -0.000000 -0.000000 -0.412430 0.910989
84.500000 13.452876 -8.906807 0.000000 -0.000000 -0.000000 -0.416939 0.908934
84.600000 13.792646 -9.300713 0.000000 -0.000000 -0.000000 -0.423837 0.905738
84.700000 14.114563 -9.690054 0.000000 -0.000000 -0.000000 -0.431954 0.901896
84.800000 14.431632 -10.089707 0.000000 -0.000000 -0.000000 -0.440513 0.897746
84.900000 14.743881 -10.492419 0.000000 -0.000000 -0.000000 -0.442371 0.896832
85.000000 15.049305 -10.896111 0.000000 -0.000000 -0.000000 -0.449117 0.893473
85.100000 15.371704 -11.340333 0.000000 -0.000000 -0.000000 -0.440587 0.897710
85.200000 15.689623 -11.709571 0.000000 -0.000000 -0.000000 -0.356943 0.934126
85.300000 16.036341 -12.015909 0.000000 -0.000000 -0.000000 -0.260076 0.965588
85.400000 16.268957 -12.154365 0.000000 -0.000000 -0.000000 -0.210120 0.977676
85.500000 16.706888 -12.313490 0.000000 -0.000000 -0.000000 -0.137145 0.990551
85.600000 17.162501 -12.455459 0.000000 -0.000000 -0.000000 -0.073043 0.997329
85.700000 17.541194 -12.485817 0.000000 0.000000 0.000000 0.051187 0.998689
85.800000 17.745770 -12.437891 0.000000 0.000000 0.000000 0.128904 0.991657
85.900000 17.898398 -12.387352 0.000000 0.000000 0.000000 0.217123 0.976144
86.000000 18.147919 -12.251696 0.000000 0.000000 0.000000 0.313760 0.949502
86.100000 18.384976 -12.084108 0.000000 0.000000 0.000000 0.331275 0.943534
86.200000 18.605106 -11.901672 0.000000 0.000000 0.000000 0.363032 0.931777
86.300000 18.831969 -11.676414 0.000000 0.000000 0.000000 0.427358 0.904082
86.400000 18.990028 -11.310855 0.000000 0.000000 0.000000 0.862869 0.505428
86.500000 18.906286 -11.288443 0.000000 0.000000 0.000000 0.930277 0.366857
86.600000 18.809302 -11.267815 0.000000 0.000000 0.000000 0.976225 0.216758
86.700000 18.819123 -11.213896 0.000000 0.000000 0.000000 0.999104 0.042327
86.800000 18.707620 -11.230395 0.000000 -0.000000 -0.000000 -0.987665 0.156585
86.900000 18.594608 -11.292663 0.000000 -0.000000 -0.000000 -0.953529 0.301302
87.000000 18.529904 -11.348927 0.000000 -0.000000 -0.000000 -0.931791 0.362996
87.100000 18.383901 -11.483459 0.000000 -0.000000 -0.000000 -0.902164 0.431392
87.200000 18.205990 -11.716957 0.000000 -0.000000 -0.000000 -0.906540 0.422119
87.300000 17.967125 -12.024984 0.000000 -0.000000 -0.000000 -0.939395 0.342837
87.400000 17.580453 -12.228519 0.000000 -0.000000 -0.000000 -0.987313 0.158784
87.500000 16.927600 -12.279230 0.000000 0.000000 0.000000 0.993324 0.115355
87.600000 16.496286 -12.116501 0.000000 0.000000 0.000000 0.960769 0.277348
87.700000 16.075890 -11.794442 0.000000 0.000000 0.000000 0.933931 0.357454
87.800000 15.891661 -11.600094 0.000000 0.000000 0.000000 0.925195 0.379492
87.900000 15.518638 -11.226497 0.000000 0.000000 0.000000 0.916526 0.399975
88.000000 15.184573 -10.793068 0.000000 0.000000 0.000000 0.911449 0.411412
88.100000 14.833000 -10.395602 0.000000 0.000000 0.000000 0.909779 0.415093
88.200000 14.497225 -9.946008 0.000000 0.000000 0.000000 0.914150 0.405376
88.300000 14.170582 -9.561353 0.000000 0.000000 0.000000 0.913525 0.406783
88.400000 13.985542 -9.383870 0.000000 0.000000 0.000000 0.914906 0.403666
88.500000 13.591140 -8.941296 0.000000 0.000000 0.000000 0.914914 0.403649
88.600000 13.280209 -8.560229 0.000000 0.000000 0.000000 0.915186 0.403033
88.700000 12.919984 -8.171193 0.000000 0.000000 0.000000 0.918673 0.395018
88.800000 12.577713 -7.748038 0.000000 0.000000 0.000000 0.916080 0.400995
88.900000 12.233165 -7.310272 0.000000 0.000000 0.000000 0.912491 0.409096
89.000000 11.883632 -6.918572 0.000000 0.000000 0.000000 0.910307 0.413933
89.100000 11.538198 -6.520147 0.000000 0.000000 0.000000 0.904223 0.427061
89.200000 11.220611 -6.072014 0.000000 0.000000 0.000000 0.907961 0.419055
89.300000 10.878453 -5.670617 0.000000 0.000000 0.000000 0.903292 0.429027
89.400000 10.543990 -5.264666 0.000000 0.000000 0.000000 0.905561 0.424216
89.500000 10.217096 -4.837220 0.000000 0.000000 0.000000 0.918896 0.394499
89.600000 9.839071 -4.463864 0.000000 0.000000 0.000000 0.934643 0.355587
89.700000 9.438830 -4.091237 0.000000 0.000000 0.000000 0.965196 0.261527
89.800000 8.976284 -3.866576 0.000000 0.000000 0.000000 0.986902 0.161320
89.900000 8.477825 -3.707811 0.000000 0.000000 0.000000 0.989899 0.141777
90.000000 7.971265 -3.568072 0.000000 0.000000 0.000000 0.989135 0.147009
90.100000 7.453986 -3.350875 0.000000 0.000000 0.000000 0.977610 0.210424
90.200000 6.980912 -3.115076 0.000000 0.000000 0.000000 0.954349 0.298693
90.300000 6.556743 -2.806096 0.000000 0.000000 0.000000 0.945652 0.325181
90.400000 6.188880 -2.465748 0.000000 0.000000 0.000000 0.918793 0.394741
90.500000 5.835819 -2.075891 0.000000 0.000000 0.000000 0.893464 0.449136
90.600000 5.531887 -1.607486 0.000000 0.000000 0.000000 0.896148 0.443755
90.700000 5.196207 -1.198817 0.000000 0.000000 0.000000 0.938914 0.344152
90.800000 5.010747 -1.027306 0.000000 0.000000 0.000000 0.965261 0.261286
90.900000 4.792901 -0.906132 0.000000 0.000000 0.000000 0.980512 0.196462
91.000000 4.312692 -0.725182 0.000000 0.000000 0.000000 0.985628 0.168932
91.100000 3.851552 -0.547972 0.000000 0.000000 0.000000 0.977254 0.212071
91.200000 3.410827 -0.278994 0.000000 0.000000 0.000000 0.954003 0.299796
91.300000 3.001796 0.030771 0.000000 0.000000 0.000000 0.902263 0.431185
91.400000 2.726684 0.451935 0.000000 0.000000 0.000000 0.848685 0.528898
91.500000 2.532963 0.956143 0.000000 0.000000 0.000000 0.767768 0.640728
91.600000 2.515469 1.437393 0.000000 0.000000 0.000000 0.681992 0.731360
91.700000 2.571214 1.944061 0.000000 0.000000 0.000000 0.636910 0.770938
91.800000 2.703332 2.428459 0.000000 0.000000 0.000000 0.558821 0.829288
91.900000 2.931530 2.944082 0.000000 0.000000 0.000000 0.536076 0.844170
92.000000 3.136439 3.396281 0.000000 0.000000 0.000000 0.523916 0.851770
92.100000 3.269113 3.639614 0.000000 0.000000 0.000000 0.524942 0.851138
92.200000 3.495298 4.101076 0.000000 0.000000 0.000000 0.532873 0.846195
92.300000 3.736254 4.552967 0.000000 0.000000 0.000000 0.583803 0.811895
92.400000 3.807748 4.806328 0.000000 0.000000 0.000000 0.609679 0.792649
92.500000 3.925593 5.299310 0.000000 0.000000 0.000000 0.681202 0.732096
92.600000 3.956815 5.605169 0.000000 0.000000 0.000000 0.736669 0.676254
92.700000 3.875935 6.083702 0.000000 0.000000 0.000000 0.783063 0.621943
92.800000 3.786424 6.599018 0.000000 0.000000 0.000000 0.847243 0.531206
92.900000 3.660403 6.810920 0.000000 0.000000 0.000000 0.898085 0.439821
93.000000 3.482769 7.000326 0.000000 0.000000 0.000000 0.935637 0.352963
93.100000 3.299718 7.189629 0.000000 0.000000 0.000000 0.961647 0.274290
93.200000 3.088656 7.270884 0.000000 0.000000 0.000000 0.978078 0.208241
93.300000 2.864466 7.373391 0.000000 0.000000 0.000000 0.991776 0.127984
93.400000 2.366824 7.479058 0.000000 -0.000000 -0.000000 -0.999610 0.027917
93.500000 1.927943 7.399976 0.000000 -0.000000 -0.000000 -0.997637 0.068703
93.600000 1.555542 7.400124 0.000000 0.000000 0.000000 0.999756 0.022097
93.700000 1.291758 7.419542 0.000000 0.000000 0.000000 0.976765 0.214313
93.800000 1.134318 7.586543 0.000000 0.000000 0.000000 0.876262 0.481834
93.900000 1.079390 7.867620 0.000000 0.000000 0.000000 0.479145 0.877736
94.000000 1.238853 8.031775 0.000000 0.000000 0.000000 0.253440 0.967351
94.100000 1.495487 8.116132 0.000000 0.000000 0.000000 0.194135 0.980975
94.200000 1.803942 8.221622 0.000000 0.000000 0.000000 0.082451 0.996595
94.300000 2.135639 8.213128 0.000000 -0.000000 -0.000000 -0.055188 0.998476
94.400000 2.506103 8.172948 0.000000 -0.000000 -0.000000 -0.053892 0.998547
94.500000 2.871084 8.156000 0.000000 0.000000 0.000000 0.001058 0.999999
94.600000 3.217890 8.137556 0.000000 0.000000 0.000000 0.021628 0.999766
94.700000 3.474579 8.097412 0.000000 -0.000000 -0.000000 -0.317176 0.948367
94.800000 3.625646 7.880036 0.000000 -0.000000 -0.000000 -0.552727 0.833363
94.900000 3.722168 7.573186 0.000000 -0.000000 -0.000000 -0.540445 0.841380
95.000000 3.853770 7.294189 0.000000 -0.000000 -0.000000 -0.521646 0.853162
95.100000 4.012918 6.997119 0.000000 -0.000000 -0.000000 -0.471683 0.881768
95.200000 4.245949 6.683108 0.000000 -0.000000 -0.000000 -0.370702 0.928752
95.300000 4.392370 6.552643 0.000000 -0.000000 -0.000000 -0.313029 0.949744
95.400000 4.564244 6.439705 0.000000 -0.000000 -0.000000 -0.229551 0.973297
95.500000 4.750107 6.366410 0.000000 -0.000000 -0.000000 -0.132086 0.991238
95.600000 4.951405 6.286638 0.000000 -0.000000 -0.000000 -0.020999 0.999779
95.700000 5.161094 6.310519 0.000000 0.000000 0.000000 0.092087 0.995751
95.800000 5.579055 6.460571 0.000000 0.000000 0.000000 0.185259 0.982690
95.900000 6.000643 6.652046 0.000000 0.000000 0.000000 0.274952 0.961458
96.000000 6.407347 6.919003 0.000000 0.000000 0.000000 0.327607 0.944814
96.100000 6.822211 7.177355 0.000000 0.000000 0.000000 0.359387 0.933188
96.200000 6.993121 7.352606 0.000000 0.000000 0.000000 0.388564 0.921422
96.300000 7.319554 7.708052 0.000000 0.000000 0.000000 0.515058 0.857155
96.400000 7.508091 8.101652 0.000000 0.000000 0.000000 0.593629 0.804739
96.500000 7.656723 8.479604 0.000000 0.000000 0.000000 0.644384 0.764702
96.600000 7.705818 8.881429 0.000000 0.000000 0.000000 0.706268 0.707944
96.700000 7.703051 9.282345 0.000000 0.000000 0.000000 0.706876 0.707338
96.800000 7.706028 9.492720 0.000000 0.000000 0.000000 0.749227 0.662314
96.900000 7.641243 9.881001 0.000000 0.000000 0.000000 0.828867 0.559446
97.000000 7.504328 10.245368 0.000000 0.000000 0.000000 0.823647 0.567102
97.100000 7.406818 10.622526 0.000000 0.000000 0.000000 0.762882 0.646537
97.200000 7.377786 10.946436 0.000000 0.000000 0.000000 0.602563 0.798072
97.300000 7.514477 11.163491 0.000000 0.000000 0.000000 0.374614 0.927181
97.400000 7.696953 11.299633 0.000000 -0.000000 -0.000000 -0.129521 0.991577
97.500000 7.793097 11.173499 0.000000 -0.000000 -0.000000 -0.806112 0.591763
97.600000 7.717463 10.923583 0.000000 -0.000000 -0.000000 -0.794712 0.606986
97.700000 7.665423 10.651886 0.000000 -0.000000 -0.000000 -0.752171 0.658968
97.800000 7.665054 10.392775 0.000000 -0.000000 -0.000000 -0.684319 0.729183
97.900000 7.685469 10.067156 0.000000 -0.000000 -0.000000 -0.652449 0.757833
98.000000 7.730659 9.716428 0.000000 -0.000000 -0.000000 -0.663287 0.748365
98.100000 7.776053 9.417655 0.000000 -0.000000 -0.000000 -0.713104 0.701058
98.200000 7.746715 9.074348 0.000000 -0.000000 -0.000000 -0.733171 0.680044
98.300000 7.694344 8.775916 0.000000 -0.000000 -0.000000 -0.693929 0.720043
98.400000 7.740973 8.445432 0.000000 -0.000000 -0.000000 -0.653129 0.757246
98.500000 7.778707 8.292235 0.000000 -0.000000 -0.000000 -0.601880 0.798586
98.600000 7.867222 8.035600 0.000000 -0.000000 -0.000000 -0.500745 0.865595
98.700000 7.939190 7.795686 0.000000 -0.000000 -0.000000 -0.563056 0.826419
98.800000 7.999672 7.541099 0.000000 -0.000000 -0.000000 -0.794206 0.607649
98.900000 7.911762 7.333117 0.000000 -0.000000 -0.000000 -0.970386 0.241559
99.000000 7.691550 7.255505 0.000000 -0.000000 -0.000000 -0.975530 0.219868
99.100000 7.418421 7.154287 0.000000 -0.000000 -0.000000 -0.963260 0.268572
99.200000 7.178231 7.044809 0.000000 -0.000000 -0.000000 -0.961715 0.274050
99.300000 6.882800 6.860731 0.000000 -0.000000 -0.000000 -0.959008 0.283378
99.400000 6.556608 6.646566 0.000000 -0.000000 -0.000000 -0.954489 0.298247
99.500000 6.187226 6.380503 0.000000 -0.000000 -0.000000 -0.946407 0.322976
99.600000 5.786657 6.071198 0.000000 -0.000000 -0.000000 -0.947511 0.319724
99.700000 5.382556 5.760771 0.000000 -0.000000 -0.000000 -0.944433 0.328703
99.800000 4.977541 5.426816 0.000000 -0.000000 -0.000000 -0.929406 0.369058
99.900000 4.555486 5.078397 0.000000 -0.000000 -0.000000 -0.911307 0.411728
100.000000 4.235037 4.678932 0.000000 -0.000000 -0.000000 -0.882484 0.470342
100.100000 3.956304 4.237190 0.000000 -0.000000 -0.000000 -0.865230 0.501375
100.200000 3.699242 3.784419 0.000000 -0.000000 -0.000000 -0.855279 0.518168
100.300000 3.449339 3.287109 0.000000 -0.000000 -0.000000 -0.851914 0.523682
100.400000 3.167787 2.841708 0.000000 -0.000000 -0.000000 -0.857386 0.514675
100.500000 2.964089 2.370827 0.000000 -0.000000 -0.000000 -0.875203 0.483756
100.600000 2.650899 1.966723 0.000000 -0.000000 -0.000000 -0.893826 0.448414
100.700000 2.279631 1.590890 0.000000 -0.000000 -0.000000 -0.947317 0.320298
100.800000 1.867630 1.311645 0.000000 -0.000000 -0.000000 -0.976124 0.217212
100.900000 1.385955 1.164158 0.000000 -0.000000 -0.000000 -0.996343 0.085441
101.000000 0.884108 1.101357 0.000000 0.000000 0.000000 0.998018 0.062928
101.100000 0.376478 1.171277 0.000000 0.000000 0.000000 0.993943 0.109899
101.200000 -0.132739 1.341184 0.000000 0.000000 0.000000 0.986157 0.165817
101.300000 -0.594065 1.504555 0.000000 0.000000 0.000000 0.985102 0.171970
101.400000 -1.074956 1.667201 0.000000 0.000000 0.000000 0.992976 0.118318
101.500000 -1.307706 1.723058 0.000000 0.000000 0.000000 0.997034 0.076959
101.600000 -1.802624 1.794713 0.000000 -0.000000 -0.000000 -0.998976 0.045253
101.700000 -2.013228 1.796415 0.000000 -0.000000 -0.000000 -0.994399 0.105690
101.800000 -2.237616 1.731202 0.000000 -0.000000 -0.000000 -0.986799 0.161950
101.900000 -2.618232 1.586445 0.000000 -0.000000 -0.000000 -0.967406 0.253230
102.000000 -3.014468 1.406985 0.000000 -0.000000 -0.000000 -0.974765 0.223232
102.100000 -3.394794 1.269557 0.000000 -0.000000 -0.000000 -0.995863 0.090871
102.200000 -3.757199 1.238431 0.000000 0.000000 0.000000 0.996361 0.085237
102.300000 -4.091698 1.370315 0.000000 0.000000 0.000000 0.953207 0.302319
102.400000 -4.331022 1.599310 0.000000 0.000000 0.000000 0.852805 0.522230
102.500000 -4.404903 1.870254 0.000000 0.000000 0.000000 0.669039 0.743228
102.600000 -4.311257 2.090975 0.000000 0.000000 0.000000 0.393368 0.919381
102.700000 -4.123756 2.231169 0.000000 0.000000 0.000000 0.057690 0.998335
102.800000 -3.885575 2.169468 0.000000 -0.000000 -0.000000 -0.333340 0.942807
102.900000 -3.661998 1.975486 0.000000 -0.000000 -0.000000 -0.361615 0.932327
103.000000 -3.521861 1.833857 0.000000 -0.000000 -0.000000 -0.262288 0.964990
103.100000 -3.368657 1.732095 0.000000 -0.000000 -0.000000 -0.147267 0.989097
103.200000 -3.155235 1.665957 0.000000 -0.000000 -0.000000 -0.027191 0.999630
103.300000 -2.959038 1.665131 0.000000 0.000000 0.000000 0.102835 0.994698
103.400000 -2.557003 1.746403 0.000000 0.000000 0.000000 0.156355 0.987701
103.500000 -2.124679 1.828612 0.000000 -0.000000 -0.000000 -0.045729 0.998954
103.600000 -1.737081 1.684073 0.000000 -0.000000 -0.000000 -0.253308 0.967386
103.700000 -1.359344 1.422442 0.000000 -0.000000 -0.000000 -0.422436 0.906393
103.800000 -1.127766 1.092863 0.000000 -0.000000 -0.000000 -0.539786 0.841802
103.900000 -0.978544 0.715684 0.000000 -0.000000 -0.000000 -0.504675 0.863309
104.000000 -0.910149 0.568141 0.000000 -0.000000 -0.000000 -0.424117 0.905607
104.100000 -0.803167 0.484100 0.000000 -0.000000 -0.000000 -0.281103 0.959678
104.200000 -0.737046 0.422566 0.000000 -0.000000 -0.000000 -0.092363 0.995725
104.300000 -0.704412 0.425359 0.000000 0.000000 0.000000 0.046193 0.998933
104.400000 -0.654073 0.409817 0.000000 0.000000 0.000000 0.162813 0.986657
