0.000000 0.001338 0.000322 0.000000 -0.000000 -0.000000 -0.000001 1.000000
0.100000 2.040699 0.003287 0.000000 0.000000 0.000000 0.007225 0.999974
0.200000 4.267608 0.058652 0.000000 0.000000 0.000000 0.020623 0.999787
0.300000 6.422306 0.111233 0.000000 -0.000000 -0.000000 -0.008210 0.999966
0.400000 8.619051 0.065327 0.000000 -0.000000 -0.000000 -0.006835 0.999977
0.500000 11.215817 -0.321949 0.000000 -0.000000 -0.000000 -0.195531 0.980698
0.600000 13.392707 -1.460231 0.000000 -0.000000 -0.000000 -0.493353 0.869829
0.700000 13.684025 -3.398141 0.000000 -0.000000 -0.000000 -0.749497 0.662008
0.800000 13.653423 -5.218327 0.000000 -0.000000 -0.000000 -0.767356 0.641221
0.900000 13.682353 -7.290442 0.000000 -0.000000 -0.000000 -0.721620 0.692289
1.000000 13.513436 -9.549226 0.000000 -0.000000 -0.000000 -0.743809 0.668393
1.100000 13.197585 -11.936975 0.000000 -0.000000 -0.000000 -0.746659 0.665207
1.200000 13.113710 -14.335728 0.000000 -0.000000 -0.000000 -0.723615 0.690204
1.300000 12.914638 -16.760309 0.000000 -0.000000 -0.000000 -0.736713 0.676206
1.400000 12.617965 -19.092874 0.000000 -0.000000 -0.000000 -0.754467 0.656338
1.500000 12.422133 -21.433196 0.000000 -0.000000 -0.000000 -0.729919 0.683534
1.600000 12.226450 -23.896616 0.000000 -0.000000 -0.000000 -0.735650 0.677362
1.700000 11.946662 -26.228878 0.000000 -0.000000 -0.000000 -0.752418 0.658686
1.800000 11.559459 -28.533975 0.000000 -0.000000 -0.000000 -0.763352 0.645982
1.900000 11.188185 -30.856379 0.000000 -0.000000 -0.000000 -0.758092 0.652148
2.000000 11.046863 -33.319123 0.000000 -0.000000 -0.000000 -0.683088 0.730336
2.100000 11.116028 -35.787896 0.000000 -0.000000 -0.000000 -0.713764 0.700386
2.200000 10.858744 -38.237800 0.000000 -0.000000 -0.000000 -0.751389 0.659859
2.300000 10.478741 -40.559698 0.000000 -0.000000 -0.000000 -0.759689 0.650287
2.400000 10.206146 -43.012816 0.000000 -0.000000 -0.000000 -0.717067 0.697004
2.500000 10.078529 -45.366003 0.000000 -0.000000 -0.000000 -0.724396 0.689384
2.600000 9.880977 -47.699624 0.000000 -0.000000 -0.000000 -0.731635 0.681697
2.700000 8.363048 -49.100152 0.000000 -0.000000 -0.000000 -0.996375 0.085068
2.800000 5.922082 -48.965341 0.000000 -0.000000 -0.000000 -0.999995 0.003231
2.900000 3.338736 -48.849423 0.000000 -0.000000 -0.000000 -0.999996 0.002771
3.000000 0.995222 -48.803372 0.000000 -0.000000 -0.000000 -0.999891 0.014768
3.100000 -0.887870 -49.905714 0.000000 -0.000000 -0.000000 -0.736615 0.676313
3.200000 -0.809421 -52.447157 0.000000 -0.000000 -0.000000 -0.670274 0.742114
3.300000 -1.016603 -54.842664 0.000000 -0.000000 -0.000000 -0.756162 0.654385
3.400000 -0.994526 -57.367341 0.000000 -0.000000 -0.000000 -0.586157 0.810198
3.500000 -0.835541 -59.895970 0.000000 -0.000000 -0.000000 -0.698384 0.715724
3.600000 -0.435717 -62.355009 0.000000 -0.000000 -0.000000 -0.431971 0.901888
3.700000 1.788750 -63.002325 0.000000 0.000000 0.000000 0.126932 0.991911
3.800000 4.266664 -62.375999 0.000000 0.000000 0.000000 0.018849 0.999822
3.900000 6.819420 -62.266099 0.000000 0.000000 0.000000 0.009445 0.999955
4.000000 9.243196 -62.163431 0.000000 0.000000 0.000000 0.007791 0.999970
4.100000 11.790121 -62.135288 0.000000 -0.000000 -0.000000 -0.000321 1.000000
4.200000 14.211603 -62.104001 0.000000 -0.000000 -0.000000 -0.010746 0.999942
4.300000 16.759821 -62.111279 0.000000 0.000000 0.000000 0.007682 0.999970
4.400000 19.320600 -62.096621 0.000000 0.000000 0.000000 0.002624 0.999997
4.500000 20.667066 -60.602336 0.000000 0.000000 0.000000 0.699191 0.714935
4.600000 20.696366 -58.020155 0.000000 0.000000 0.000000 0.714061 0.700084
4.700000 20.668321 -55.430794 0.000000 0.000000 0.000000 0.706401 0.707812
4.800000 20.695822 -52.972887 0.000000 0.000000 0.000000 0.695796 0.718239
4.900000 20.770864 -50.385131 0.000000 0.000000 0.000000 0.700943 0.713218
5.000000 19.706215 -48.627850 0.000000 0.000000 0.000000 0.981296 0.192506
5.100000 17.458321 -48.640589 0.000000 -0.000000 -0.000000 -0.998473 0.055240
5.200000 15.037986 -48.783628 0.000000 -0.000000 -0.000000 -0.999893 0.014654
5.300000 12.752711 -48.741415 0.000000 0.000000 0.000000 0.999716 0.023842
5.400000 10.748120 -48.402632 0.000000 0.000000 0.000000 0.731858 0.681457
5.500000 9.759216 -48.865912 0.000000 -0.000000 -0.000000 -0.952160 0.305601
5.600000 7.819304 -49.028847 0.000000 0.000000 0.000000 0.999958 0.009205
5.700000 5.580844 -48.886164 0.000000 0.000000 0.000000 0.998977 0.045224
5.800000 3.339115 -48.726388 0.000000 0.000000 0.000000 0.999330 0.036590
5.900000 1.241714 -48.576152 0.000000 -0.000000 -0.000000 -0.999807 0.019670
6.000000 -0.956250 -48.395562 0.000000 -0.000000 -0.000000 -0.999263 0.038389
6.100000 -3.010196 -48.235328 0.000000 0.000000 0.000000 0.997178 0.075075
6.200000 -4.734582 -47.467828 0.000000 0.000000 0.000000 0.931136 0.364673
6.300000 -6.377160 -46.317117 0.000000 0.000000 0.000000 0.965558 0.260187
6.400000 -8.203521 -45.687556 0.000000 0.000000 0.000000 0.992334 0.123587
6.500000 -10.415913 -45.072299 0.000000 0.000000 0.000000 0.991817 0.127669
6.600000 -12.653090 -44.642647 0.000000 0.000000 0.000000 0.996108 0.088138
6.700000 -14.941894 -44.160217 0.000000 0.000000 0.000000 0.994980 0.100070
6.800000 -16.819519 -43.691085 0.000000 0.000000 0.000000 0.988990 0.147983
6.900000 -17.632059 -42.109871 0.000000 0.000000 0.000000 0.664835 0.746990
7.000000 -17.355163 -39.900999 0.000000 0.000000 0.000000 0.645099 0.764099
7.100000 -16.989572 -37.570525 0.000000 0.000000 0.000000 0.654974 0.755652
7.200000 -16.608734 -35.422678 0.000000 0.000000 0.000000 0.636940 0.770914
7.300000 -16.239442 -33.368381 0.000000 0.000000 0.000000 0.658442 0.752632
7.400000 -16.945331 -31.649222 0.000000 0.000000 0.000000 0.980522 0.196409
7.500000 -19.037253 -31.219805 0.000000 0.000000 0.000000 0.999249 0.038757
7.600000 -21.351194 -30.959751 0.000000 0.000000 0.000000 0.998520 0.054388
7.700000 -23.589549 -30.656733 0.000000 0.000000 0.000000 0.999150 0.041210
7.800000 -25.842366 -30.454185 0.000000 0.000000 0.000000 0.999480 0.032236
7.900000 -28.211341 -30.217648 0.000000 0.000000 0.000000 0.998856 0.047826
8.000000 -30.585540 -29.902074 0.000000 0.000000 0.000000 0.997969 0.063709
8.100000 -32.821241 -29.529491 0.000000 0.000000 0.000000 0.996862 0.079155
8.200000 -35.172142 -29.148548 0.000000 0.000000 0.000000 0.997846 0.065593
8.300000 -37.408361 -28.773974 0.000000 0.000000 0.000000 0.996955 0.077978
8.400000 -39.845593 -28.205859 0.000000 0.000000 0.000000 0.985131 0.171805
8.500000 -42.163925 -27.675031 0.000000 0.000000 0.000000 0.999509 0.031324
8.600000 -44.539062 -27.456144 0.000000 0.000000 0.000000 0.999311 0.037118
8.700000 -46.907380 -27.209130 0.000000 0.000000 0.000000 0.999086 0.042747
8.800000 -49.388965 -26.887845 0.000000 0.000000 0.000000 0.998347 0.057480
8.900000 -51.738566 -26.431730 0.000000 0.000000 0.000000 0.995092 0.098952
9.000000 -54.073873 -25.944976 0.000000 0.000000 0.000000 0.999345 0.036199
9.100000 -56.442500 -25.708190 0.000000 0.000000 0.000000 0.999223 0.039413
9.200000 -58.684416 -25.369569 0.000000 0.000000 0.000000 0.997205 0.074719
9.300000 -61.025194 -24.890129 0.000000 0.000000 0.000000 0.996528 0.083262
9.400000 -63.254232 -24.529766 0.000000 0.000000 0.000000 0.999794 0.020309
9.500000 -65.640164 -24.368928 0.000000 0.000000 0.000000 0.999761 0.021858
9.600000 -68.004179 -24.070001 0.000000 0.000000 0.000000 0.997778 0.066622
9.700000 -70.503659 -23.637671 0.000000 0.000000 0.000000 0.997367 0.072525
9.800000 -72.443759 -24.193130 0.000000 -0.000000 -0.000000 -0.750666 0.660682
9.900000 -72.740549 -26.503740 0.000000 -0.000000 -0.000000 -0.739770 0.672860
10.000000 -72.945400 -28.836099 0.000000 -0.000000 -0.000000 -0.732223 0.681065
10.100000 -73.095587 -31.167447 0.000000 -0.000000 -0.000000 -0.717730 0.696322
10.200000 -73.233547 -33.380405 0.000000 -0.000000 -0.000000 -0.721637 0.692272
10.300000 -73.504856 -35.750156 0.000000 -0.000000 -0.000000 -0.751442 0.659799
10.400000 -73.817656 -38.135852 0.000000 -0.000000 -0.000000 -0.733810 0.679354
10.500000 -72.707748 -39.914615 0.000000 -0.000000 -0.000000 -0.147468 0.989067
10.600000 -70.282166 -40.414589 0.000000 -0.000000 -0.000000 -0.076394 0.997078
10.700000 -67.919541 -40.504602 0.000000 -0.000000 -0.000000 -0.004202 0.999991
10.800000 -65.437636 -40.561651 0.000000 -0.000000 -0.000000 -0.013874 0.999904
10.900000 -63.079061 -40.712904 0.000000 -0.000000 -0.000000 -0.052512 0.998620
11.000000 -60.816146 -41.042247 0.000000 -0.000000 -0.000000 -0.073024 0.997330
11.100000 -58.515018 -41.397502 0.000000 -0.000000 -0.000000 -0.068874 0.997625
11.200000 -56.054852 -41.740044 0.000000 -0.000000 -0.000000 -0.061784 0.998090
11.300000 -53.702615 -42.008073 0.000000 -0.000000 -0.000000 -0.051198 0.998689
11.400000 -51.480420 -42.276038 0.000000 -0.000000 -0.000000 -0.070938 0.997481
11.500000 -49.133718 -42.602379 0.000000 -0.000000 -0.000000 -0.057721 0.998333
11.600000 -46.795761 -42.994413 0.000000 -0.000000 -0.000000 -0.082066 0.996627
11.700000 -44.471334 -43.388351 0.000000 -0.000000 -0.000000 -0.076468 0.997072
11.800000 -42.123541 -43.741210 0.000000 -0.000000 -0.000000 -0.061504 0.998107
11.900000 -39.715193 -44.342841 0.000000 -0.000000 -0.000000 -0.119438 0.992842
12.000000 -37.409121 -44.870102 0.000000 -0.000000 -0.000000 -0.082782 0.996568
12.100000 -35.067723 -45.213015 0.000000 -0.000000 -0.000000 -0.056640 0.998395
12.200000 -32.840541 -45.497425 0.000000 -0.000000 -0.000000 -0.055922 0.998435
12.300000 -30.508627 -45.869621 0.000000 -0.000000 -0.000000 -0.077252 0.997012
12.400000 -28.298593 -46.267213 0.000000 -0.000000 -0.000000 -0.091445 0.995810
12.500000 -25.967579 -46.664934 0.000000 -0.000000 -0.000000 -0.073408 0.997302
12.600000 -23.615025 -46.976744 0.000000 -0.000000 -0.000000 -0.058150 0.998308
12.700000 -21.416999 -47.427788 0.000000 -0.000000 -0.000000 -0.103946 0.994583
12.800000 -19.211643 -47.686462 0.000000 0.000000 0.000000 0.210814 0.977526
12.900000 -18.605166 -45.501821 0.000000 0.000000 0.000000 0.683819 0.729652
13.000000 -18.294727 -43.119762 0.000000 0.000000 0.000000 0.637775 0.770223
13.100000 -17.792211 -40.770907 0.000000 0.000000 0.000000 0.611274 0.791419
13.200000 -17.270918 -38.549789 0.000000 0.000000 0.000000 0.619703 0.784836
13.300000 -16.821169 -36.464970 0.000000 0.000000 0.000000 0.612363 0.790577
13.400000 -16.356930 -34.013654 0.000000 0.000000 0.000000 0.648049 0.761599
13.500000 -16.888508 -31.785456 0.000000 0.000000 0.000000 0.975811 0.218614
13.600000 -19.337214 -31.298072 0.000000 0.000000 0.000000 0.998487 0.054982
13.700000 -21.987883 -30.961113 0.000000 0.000000 0.000000 0.997663 0.068332
13.800000 -24.647328 -30.546933 0.000000 0.000000 0.000000 0.996225 0.086809
13.900000 -27.278923 -30.043740 0.000000 0.000000 0.000000 0.994463 0.105087
14.000000 -29.934448 -29.611898 0.000000 0.000000 0.000000 0.996195 0.087152
14.100000 -32.448216 -29.185134 0.000000 0.000000 0.000000 0.996549 0.083002
14.200000 -35.104366 -28.796508 0.000000 0.000000 0.000000 0.996837 0.079471
14.300000 -37.626430 -28.393291 0.000000 0.000000 0.000000 0.996761 0.080421
14.400000 -40.137553 -27.958569 0.000000 0.000000 0.000000 0.995761 0.091975
14.500000 -42.801431 -27.631985 0.000000 0.000000 0.000000 0.997596 0.069299
14.600000 -45.454709 -27.221132 0.000000 0.000000 0.000000 0.996550 0.082999
14.700000 -47.966866 -26.792792 0.000000 0.000000 0.000000 0.997238 0.074275
14.800000 -50.619974 -26.379832 0.000000 0.000000 0.000000 0.996548 0.083019
14.900000 -53.279565 -26.103520 0.000000 0.000000 0.000000 0.999920 0.012686
15.000000 -55.961378 -25.827587 0.000000 0.000000 0.000000 0.998291 0.058438
15.100000 -58.622731 -25.444012 0.000000 0.000000 0.000000 0.996653 0.081749
15.200000 -61.127979 -25.007538 0.000000 0.000000 0.000000 0.995774 0.091839
15.300000 -63.768969 -24.523561 0.000000 0.000000 0.000000 0.997026 0.077069
15.400000 -66.349882 -24.283363 0.000000 0.000000 0.000000 0.998569 0.053484
15.500000 -68.979014 -23.968674 0.000000 0.000000 0.000000 0.998013 0.063003
15.600000 -71.604774 -23.625022 0.000000 0.000000 0.000000 0.996689 0.081314
15.700000 -74.098011 -23.244035 0.000000 0.000000 0.000000 0.996805 0.079872
15.800000 -76.582845 -22.858047 0.000000 0.000000 0.000000 0.996414 0.084616
15.900000 -79.204891 -22.426861 0.000000 0.000000 0.000000 0.996026 0.089067
16.000000 -81.834615 -22.104244 0.000000 0.000000 0.000000 0.999192 0.040197
16.100000 -84.349649 -21.910007 0.000000 0.000000 0.000000 0.999024 0.044168
16.200000 -86.999859 -21.692594 0.000000 0.000000 0.000000 0.998886 0.047180
16.300000 -89.638313 -21.448839 0.000000 0.000000 0.000000 0.998507 0.054631
16.400000 -92.287829 -21.185554 0.000000 0.000000 0.000000 0.998667 0.051619
16.500000 -94.932227 -20.923013 0.000000 0.000000 0.000000 0.998376 0.056962
16.600000 -97.213763 -20.552218 0.000000 0.000000 0.000000 0.998092 0.061748
16.700000 -99.633387 -20.178358 0.000000 0.000000 0.000000 0.999059 0.043374
16.800000 -101.929866 -19.865288 0.000000 0.000000 0.000000 0.999044 0.043725
16.900000 -104.354188 -19.530471 0.000000 0.000000 0.000000 0.998842 0.048114
17.000000 -106.768062 -19.187766 0.000000 0.000000 0.000000 0.998850 0.047951
17.100000 -109.162449 -19.083164 0.000000 -0.000000 -0.000000 -0.999820 0.018966
17.200000 -111.685172 -19.234531 0.000000 0.000000 0.000000 0.999988 0.004981
17.300000 -114.119693 -19.069103 0.000000 0.000000 0.000000 0.999162 0.040931
17.400000 -116.596576 -18.845543 0.000000 0.000000 0.000000 0.998916 0.046542
17.500000 -118.973204 -18.519638 0.000000 0.000000 0.000000 0.993124 0.117068
17.600000 -121.486597 -18.311900 0.000000 0.000000 0.000000 0.999630 0.027199
17.700000 -123.877444 -18.174996 0.000000 0.000000 0.000000 0.999589 0.028659
17.800000 -126.403387 -18.002546 0.000000 0.000000 0.000000 0.999304 0.037315
17.900000 -128.080228 -19.267624 0.000000 -0.000000 -0.000000 -0.699795 0.714343
18.000000 -127.949946 -21.857638 0.000000 -0.000000 -0.000000 -0.683989 0.729493
18.100000 -127.940595 -24.443556 0.000000 -0.000000 -0.000000 -0.734071 0.679072
18.200000 -128.058777 -26.908056 0.000000 -0.000000 -0.000000 -0.719431 0.694564
18.300000 -128.053156 -29.505351 0.000000 -0.000000 -0.000000 -0.679908 0.733298
18.400000 -128.214689 -32.089620 0.000000 -0.000000 -0.000000 -0.741636 0.670803
18.500000 -128.157755 -34.519822 0.000000 -0.000000 -0.000000 -0.464028 0.885821
18.600000 -125.625791 -34.766801 0.000000 0.000000 0.000000 0.009452 0.999955
18.700000 -123.137368 -34.774019 0.000000 -0.000000 -0.000000 -0.000682 1.000000
18.800000 -120.632591 -34.845576 0.000000 -0.000000 -0.000000 -0.012286 0.999925
18.900000 -118.057816 -35.288612 0.000000 -0.000000 -0.000000 -0.133644 0.991029
19.000000 -115.582929 -35.577621 0.000000 -0.000000 -0.000000 -0.033994 0.999422
19.100000 -113.108668 -35.703629 0.000000 -0.000000 -0.000000 -0.016053 0.999871
19.200000 -110.484515 -35.851387 0.000000 -0.000000 -0.000000 -0.026978 0.999636
19.300000 -108.009265 -36.047944 0.000000 -0.000000 -0.000000 -0.037555 0.999295
19.400000 -105.401711 -36.312216 0.000000 -0.000000 -0.000000 -0.050445 0.998727
19.500000 -102.799308 -36.630959 0.000000 -0.000000 -0.000000 -0.060953 0.998141
19.600000 -100.197467 -36.963150 0.000000 -0.000000 -0.000000 -0.063533 0.997980
19.700000 -97.591453 -37.202459 0.000000 -0.000000 -0.000000 -0.038172 0.999271
19.800000 -95.138610 -37.458386 0.000000 -0.000000 -0.000000 -0.054638 0.998506
19.900000 -92.705818 -37.799181 0.000000 -0.000000 -0.000000 -0.069839 0.997558
20.000000 -90.291611 -38.185207 0.000000 -0.000000 -0.000000 -0.045961 0.998943
20.100000 -87.740729 -38.475042 0.000000 -0.000000 -0.000000 -0.055962 0.998433
20.200000 -85.324055 -38.821190 0.000000 -0.000000 -0.000000 -0.075515 0.997145
20.300000 -83.026713 -39.199120 0.000000 -0.000000 -0.000000 -0.073737 0.997278
20.400000 -80.596948 -39.497566 0.000000 -0.000000 -0.000000 -0.060370 0.998176
20.500000 -78.180677 -39.856345 0.000000 -0.000000 -0.000000 -0.076866 0.997041
20.600000 -75.767049 -40.258396 0.000000 -0.000000 -0.000000 -0.003091 0.999995
20.700000 -73.665622 -39.275878 0.000000 0.000000 0.000000 0.522796 0.852458
20.800000 -73.413774 -36.966307 0.000000 0.000000 0.000000 0.767048 0.641590
20.900000 -73.399503 -34.675791 0.000000 0.000000 0.000000 0.682940 0.730474
21.000000 -73.147410 -32.342757 0.000000 0.000000 0.000000 0.683576 0.729879
21.100000 -72.837883 -29.921295 0.000000 0.000000 0.000000 0.660592 0.750745
21.200000 -72.537766 -28.345577 0.000000 0.000000 0.000000 0.645261 0.763962
21.300000 -72.190702 -26.752279 0.000000 0.000000 0.000000 0.668066 0.744102
21.400000 -72.041806 -24.973374 0.000000 0.000000 0.000000 0.720483 0.693472
21.500000 -73.213970 -23.738143 0.000000 0.000000 0.000000 0.993823 0.110978
21.600000 -75.656119 -23.340074 0.000000 0.000000 0.000000 0.999748 0.022450
21.700000 -78.148966 -23.161121 0.000000 0.000000 0.000000 0.999711 0.024022
21.800000 -80.512710 -23.003006 0.000000 0.000000 0.000000 0.999914 0.013134
21.900000 -83.009347 -22.949608 0.000000 -0.000000 -0.000000 -0.997758 0.066931
22.000000 -85.305608 -22.450329 0.000000 0.000000 0.000000 0.996075 0.088508
22.100000 -87.754040 -21.917169 0.000000 0.000000 0.000000 0.996385 0.084947
22.200000 -90.215638 -21.467570 0.000000 0.000000 0.000000 0.999080 0.042892
22.300000 -92.576234 -21.221315 0.000000 0.000000 0.000000 0.999369 0.035513
22.400000 -95.062503 -20.988319 0.000000 0.000000 0.000000 0.998328 0.057808
22.500000 -97.769705 -20.753104 0.000000 0.000000 0.000000 0.998569 0.053486
22.600000 -100.461499 -20.522820 0.000000 0.000000 0.000000 0.998314 0.058044
22.700000 -103.030971 -20.304042 0.000000 0.000000 0.000000 0.997203 0.074745
22.800000 -105.433379 -19.248539 0.000000 0.000000 0.000000 0.911803 0.410627
22.900000 -106.258152 -16.915472 0.000000 0.000000 0.000000 0.700446 0.713706
23.000000 -106.287383 -14.844953 0.000000 0.000000 0.000000 0.684835 0.728699
23.100000 -106.237031 -12.926711 0.000000 0.000000 0.000000 0.691722 0.722164
23.200000 -106.108038 -11.077995 0.000000 0.000000 0.000000 0.665926 0.746017
23.300000 -105.966807 -9.180091 0.000000 0.000000 0.000000 0.680623 0.732634
23.400000 -105.847496 -7.280625 0.000000 0.000000 0.000000 0.696581 0.717478
23.500000 -105.785462 -5.292147 0.000000 0.000000 0.000000 0.684778 0.728751
23.600000 -105.509285 -3.391120 0.000000 0.000000 0.000000 0.665253 0.746618
23.700000 -104.074519 -2.028212 0.000000 0.000000 0.000000 0.275745 0.961231
23.800000 -103.208289 -0.341645 0.000000 0.000000 0.000000 0.667081 0.744986
23.900000 -102.819489 1.742422 0.000000 0.000000 0.000000 0.664263 0.747499
24.000000 -102.387240 3.672784 0.000000 0.000000 0.000000 0.649333 0.760504
24.100000 -101.867729 6.106287 0.000000 0.000000 0.000000 0.678400 0.734693
24.200000 -101.684669 8.679863 0.000000 0.000000 0.000000 0.670789 0.741648
24.300000 -101.471778 11.129892 0.000000 0.000000 0.000000 0.677443 0.735576
24.400000 -101.270997 13.698907 0.000000 0.000000 0.000000 0.672979 0.739662
24.500000 -101.009711 16.279469 0.000000 0.000000 0.000000 0.658711 0.752396
24.600000 -100.690928 18.706471 0.000000 0.000000 0.000000 0.647860 0.761759
24.700000 -100.314510 21.122222 0.000000 0.000000 0.000000 0.534540 0.845143
24.800000 -97.944391 21.562307 0.000000 0.000000 0.000000 0.000420 1.000000
24.900000 -95.843456 22.227018 0.000000 0.000000 0.000000 0.741599 0.670843
25.000000 -95.824415 24.694465 0.000000 0.000000 0.000000 0.663209 0.748434
25.100000 -96.186457 26.830210 0.000000 0.000000 0.000000 0.999914 0.013079
25.200000 -98.076152 26.222760 0.000000 0.000000 0.000000 0.794846 0.606811
25.300000 -95.903651 27.014467 0.000000 0.000000 0.000000 0.044371 0.999015
25.400000 -93.245119 27.033794 0.000000 0.000000 0.000000 0.005050 0.999987
25.500000 -90.596995 26.848310 0.000000 -0.000000 -0.000000 -0.034552 0.999403
25.600000 -87.954605 26.549155 0.000000 -0.000000 -0.000000 -0.015695 0.999877
25.700000 -85.432678 26.360747 0.000000 -0.000000 -0.000000 -0.024178 0.999708
25.800000 -82.819153 26.229748 0.000000 0.000000 0.000000 0.004389 0.999990
25.900000 -80.191309 26.147146 0.000000 -0.000000 -0.000000 -0.032472 0.999473
26.000000 -77.710496 25.889219 0.000000 -0.000000 -0.000000 -0.066283 0.997801
26.100000 -75.119912 25.512915 0.000000 0.000000 0.000000 0.041498 0.999139
26.200000 -72.628031 25.547350 0.000000 -0.000000 -0.000000 -0.002247 0.999997
26.300000 -70.007489 25.440601 0.000000 -0.000000 -0.000000 -0.032578 0.999469
26.400000 -67.388522 25.212210 0.000000 -0.000000 -0.000000 -0.054030 0.998539
26.500000 -64.975108 24.630553 0.000000 -0.000000 -0.000000 -0.143478 0.989653
26.600000 -62.583332 23.929162 0.000000 -0.000000 -0.000000 -0.124250 0.992251
26.700000 -60.020785 23.415579 0.000000 -0.000000 -0.000000 -0.083403 0.996516
26.800000 -57.445188 22.928966 0.000000 -0.000000 -0.000000 -0.103895 0.994588
26.900000 -54.890742 22.318726 0.000000 -0.000000 -0.000000 -0.129549 0.991573
27.000000 -52.327741 21.781618 0.000000 -0.000000 -0.000000 -0.107821 0.994170
27.100000 -49.879558 21.316419 0.000000 -0.000000 -0.000000 -0.093466 0.995622
27.200000 -47.558509 20.870561 0.000000 -0.000000 -0.000000 -0.065626 0.997844
27.300000 -44.965934 20.475104 0.000000 -0.000000 -0.000000 -0.081342 0.996686
27.400000 -42.643357 20.044786 0.000000 -0.000000 -0.000000 -0.096916 0.995293
27.500000 -40.192833 19.659048 0.000000 -0.000000 -0.000000 -0.079862 0.996806
27.600000 -37.874858 19.239380 0.000000 -0.000000 -0.000000 -0.098349 0.995152
27.700000 -35.450834 18.722393 0.000000 -0.000000 -0.000000 -0.109619 0.993974
27.800000 -33.021591 18.173931 0.000000 -0.000000 -0.000000 -0.134419 0.990925
27.900000 -30.709322 17.704123 0.000000 -0.000000 -0.000000 -0.091795 0.995778
28.000000 -28.283322 17.207291 0.000000 -0.000000 -0.000000 -0.104857 0.994487
28.100000 -25.988181 16.672293 0.000000 -0.000000 -0.000000 -0.118476 0.992957
28.200000 -24.181040 16.138932 0.000000 -0.000000 -0.000000 -0.029354 0.999569
28.300000 -22.329332 16.096685 0.000000 -0.000000 -0.000000 -0.061187 0.998126
28.400000 -20.668068 15.864537 0.000000 -0.000000 -0.000000 -0.049313 0.998783
28.500000 -19.120900 15.745574 0.000000 -0.000000 -0.000000 -0.017775 0.999842
28.600000 -17.227975 15.654793 0.000000 -0.000000 -0.000000 -0.058834 0.998268
28.700000 -15.124714 15.220684 0.000000 -0.000000 -0.000000 -0.097492 0.995236
28.800000 -12.913126 14.799573 0.000000 -0.000000 -0.000000 -0.053437 0.998571
28.900000 -10.764226 14.560223 0.000000 -0.000000 -0.000000 -0.057004 0.998374
29.000000 -8.631312 14.319512 0.000000 -0.000000 -0.000000 -0.033921 0.999425
29.100000 -6.379562 14.145166 0.000000 -0.000000 -0.000000 -0.016143 0.999870
29.200000 -4.583878 14.049773 0.000000 -0.000000 -0.000000 -0.036806 0.999322
29.300000 -2.983691 13.846681 0.000000 -0.000000 -0.000000 -0.097317 0.995253
29.400000 -2.238570 12.634380 0.000000 -0.000000 -0.000000 -0.709588 0.704617
29.500000 -2.404514 10.640581 0.000000 -0.000000 -0.000000 -0.733046 0.680179
29.600000 -2.689419 8.617820 0.000000 -0.000000 -0.000000 -0.749637 0.661849
29.700000 -2.997218 6.596231 0.000000 -0.000000 -0.000000 -0.725054 0.688692
29.800000 -3.093277 4.555147 0.000000 -0.000000 -0.000000 -0.653248 0.757144
29.900000 -2.563228 2.595191 0.000000 -0.000000 -0.000000 -0.564145 0.825676
30.000000 -1.291744 1.209040 0.000000 -0.000000 -0.000000 -0.280654 0.959809
30.100000 0.524911 0.441178 0.000000 0.000000 0.000000 0.106585 0.994304
30.200000 2.438917 1.124344 0.000000 0.000000 0.000000 0.073027 0.997330
30.300000 4.466647 1.194392 0.000000 -0.000000 -0.000000 -0.003820 0.999993
30.400000 6.778878 1.172859 0.000000 -0.000000 -0.000000 -0.001883 0.999998
30.500000 8.976254 1.172611 0.000000 0.000000 0.000000 0.001526 0.999999
30.600000 11.286007 1.178337 0.000000 -0.000000 -0.000000 -0.002741 0.999996
30.700000 13.254915 0.843225 0.000000 -0.000000 -0.000000 -0.493323 0.869846
30.800000 13.588048 -1.142015 0.000000 -0.000000 -0.000000 -0.723408 0.690420
30.900000 13.458884 -2.764615 0.000000 -0.000000 -0.000000 -0.733114 0.680106
31.000000 13.254294 -4.396367 0.000000 -0.000000 -0.000000 -0.758025 0.652226
31.100000 13.067350 -6.262438 0.000000 -0.000000 -0.000000 -0.713196 0.700964
31.200000 13.057561 -8.131402 0.000000 -0.000000 -0.000000 -0.690929 0.722923
31.300000 13.070087 -10.219023 0.000000 -0.000000 -0.000000 -0.679427 0.733743
31.400000 13.144944 -12.358697 0.000000 -0.000000 -0.000000 -0.697586 0.716501
31.500000 13.118215 -14.394716 0.000000 -0.000000 -0.000000 -0.710010 0.704192
31.600000 13.112779 -16.522862 0.000000 -0.000000 -0.000000 -0.702758 0.711429
31.700000 13.094739 -18.648944 0.000000 -0.000000 -0.000000 -0.702020 0.712157
31.800000 13.050125 -20.780454 0.000000 -0.000000 -0.000000 -0.721064 0.692868
31.900000 12.903542 -22.902133 0.000000 -0.000000 -0.000000 -0.735684 0.677325
32.000000 12.664250 -25.270071 0.000000 -0.000000 -0.000000 -0.737387 0.675471
32.100000 12.374462 -27.660974 0.000000 -0.000000 -0.000000 -0.751018 0.660282
32.200000 12.064587 -29.953506 0.000000 -0.000000 -0.000000 -0.758193 0.652030
32.300000 11.705954 -32.222010 0.000000 -0.000000 -0.000000 -0.763798 0.645456
32.400000 11.447713 -34.511130 0.000000 -0.000000 -0.000000 -0.716936 0.697139
32.500000 11.314780 -36.733713 0.000000 -0.000000 -0.000000 -0.730207 0.683226
32.600000 11.159364 -38.447042 0.000000 -0.000000 -0.000000 -0.738424 0.674336
32.700000 10.928842 -40.483293 0.000000 -0.000000 -0.000000 -0.733620 0.679560
32.800000 10.787120 -42.436356 0.000000 -0.000000 -0.000000 -0.732185 0.681106
32.900000 10.588147 -44.379673 0.000000 -0.000000 -0.000000 -0.745241 0.666795
33.000000 10.312068 -46.409765 0.000000 -0.000000 -0.000000 -0.755209 0.655484
33.100000 10.054163 -48.342236 0.000000 -0.000000 -0.000000 -0.729498 0.683983
33.200000 8.914335 -49.380074 0.000000 -0.000000 -0.000000 -0.999658 0.026162
33.300000 7.009676 -49.430691 0.000000 0.000000 0.000000 0.997484 0.070896
33.400000 5.130084 -49.179804 0.000000 0.000000 0.000000 0.997498 0.070700
33.500000 3.247504 -48.921034 0.000000 0.000000 0.000000 0.995022 0.099656
33.600000 1.268922 -48.652870 0.000000 0.000000 0.000000 0.991117 0.132993
33.700000 -0.810306 -48.389651 0.000000 0.000000 0.000000 0.993025 0.117902
33.800000 -2.791475 -48.146797 0.000000 0.000000 0.000000 0.993223 0.116226
33.900000 -4.451807 -47.705916 0.000000 0.000000 0.000000 0.990235 0.139407
34.000000 -4.617324 -46.402316 0.000000 0.000000 0.000000 0.484521 0.874780
34.100000 -5.325095 -46.155545 0.000000 -0.000000 -0.000000 -0.608772 0.793345
34.200000 -4.888328 -47.786365 0.000000 -0.000000 -0.000000 -0.279181 0.960238
34.300000 -3.165597 -47.838402 0.000000 -0.000000 -0.000000 -0.020179 0.999796
34.400000 -1.436096 -48.064296 0.000000 -0.000000 -0.000000 -0.058633 0.998280
34.500000 -0.791775 -49.303517 0.000000 -0.000000 -0.000000 -0.814559 0.580080
34.600000 -0.694648 -51.014115 0.000000 -0.000000 -0.000000 -0.671463 0.741038
34.700000 -0.558779 -52.810648 0.000000 -0.000000 -0.000000 -0.695340 0.718681
34.800000 -0.486912 -54.621819 0.000000 -0.000000 -0.000000 -0.695723 0.718310
34.900000 -0.498809 -56.421480 0.000000 -0.000000 -0.000000 -0.760337 0.649529
35.000000 -0.680507 -58.130996 0.000000 -0.000000 -0.000000 -0.723558 0.690264
35.100000 -0.746852 -59.930942 0.000000 -0.000000 -0.000000 -0.710947 0.703245
35.200000 -0.525857 -61.593984 0.000000 -0.000000 -0.000000 -0.317750 0.948175
35.300000 1.249932 -61.980435 0.000000 -0.000000 -0.000000 -0.055419 0.998463
35.400000 2.990518 -62.038360 0.000000 0.000000 0.000000 0.005368 0.999986
35.500000 4.821373 -62.084549 0.000000 -0.000000 -0.000000 -0.033674 0.999433
35.600000 6.562682 -62.157068 0.000000 0.000000 0.000000 0.027497 0.999622
35.700000 8.298327 -62.039595 0.000000 0.000000 0.000000 0.065413 0.997858
35.800000 10.117132 -61.882181 0.000000 0.000000 0.000000 0.004824 0.999988
35.900000 11.854203 -61.858102 0.000000 0.000000 0.000000 0.021427 0.999770
36.000000 13.683015 -61.773511 0.000000 0.000000 0.000000 0.039577 0.999217
36.100000 15.508922 -61.757400 0.000000 0.000000 0.000000 0.006696 0.999978
36.200000 17.252029 -61.737450 0.000000 0.000000 0.000000 0.018328 0.999832
36.300000 18.989687 -61.671606 0.000000 0.000000 0.000000 0.037535 0.999295
36.400000 20.710318 -61.287698 0.000000 0.000000 0.000000 0.559827 0.828609
36.500000 20.593659 -59.596477 0.000000 0.000000 0.000000 0.731609 0.681725
36.600000 20.589387 -57.881944 0.000000 0.000000 0.000000 0.702597 0.711588
36.700000 20.655181 -56.160316 0.000000 0.000000 0.000000 0.696588 0.717471
36.800000 20.747944 -54.443940 0.000000 0.000000 0.000000 0.689375 0.724405
36.900000 20.835792 -52.640954 0.000000 0.000000 0.000000 0.718554 0.695471
37.000000 20.819479 -50.924211 0.000000 0.000000 0.000000 0.716334 0.697757
37.100000 20.795123 -49.122442 0.000000 0.000000 0.000000 0.730081 0.683361
37.200000 19.406951 -48.585783 0.000000 0.000000 0.000000 0.999869 0.016170
37.300000 17.714537 -48.473978 0.000000 0.000000 0.000000 0.999305 0.037284
37.400000 15.946793 -48.336972 0.000000 0.000000 0.000000 0.998791 0.049149
37.500000 14.260273 -48.184754 0.000000 0.000000 0.000000 0.999335 0.036465
37.600000 12.493858 -48.048469 0.000000 -0.000000 -0.000000 -0.999606 0.028055
37.700000 10.723453 -48.103965 0.000000 0.000000 0.000000 0.997437 0.071549
37.800000 10.424514 -46.516067 0.000000 0.000000 0.000000 0.709478 0.704728
37.900000 10.491160 -44.715610 0.000000 0.000000 0.000000 0.757337 0.653024
38.000000 10.415482 -42.975487 0.000000 0.000000 0.000000 0.709684 0.704520
38.100000 10.458109 -41.200847 0.000000 0.000000 0.000000 0.700539 0.713614
38.200000 10.566664 -39.473569 0.000000 0.000000 0.000000 0.686665 0.726974
38.300000 10.724439 -37.766312 0.000000 0.000000 0.000000 0.671882 0.740658
38.400000 10.960698 -35.974191 0.000000 0.000000 0.000000 0.660268 0.751030
38.500000 11.243592 -33.984344 0.000000 0.000000 0.000000 0.666519 0.745488
38.600000 11.516499 -31.934731 0.000000 0.000000 0.000000 0.668554 0.743664
38.700000 11.815509 -29.890211 0.000000 0.000000 0.000000 0.652207 0.758041
38.800000 12.207631 -27.754477 0.000000 0.000000 0.000000 0.662411 0.749141
38.900000 12.357174 -25.696375 0.000000 0.000000 0.000000 0.683678 0.729784
39.000000 12.582487 -23.645674 0.000000 0.000000 0.000000 0.665457 0.746436
39.100000 12.939157 -21.293477 0.000000 0.000000 0.000000 0.645904 0.763419
39.200000 13.207573 -18.730064 0.000000 0.000000 0.000000 0.672568 0.740036
39.300000 13.553788 -16.162811 0.000000 0.000000 0.000000 0.650624 0.759400
39.400000 13.622154 -13.755406 0.000000 0.000000 0.000000 0.700932 0.713228
39.500000 14.027331 -12.234831 0.000000 0.000000 0.000000 0.797322 0.603554
39.600000 12.789637 -12.022467 0.000000 -0.000000 -0.000000 -0.941242 0.337734
39.700000 12.930234 -13.273860 0.000000 -0.000000 -0.000000 -0.151820 0.988408
39.800000 13.884823 -12.388609 0.000000 0.000000 0.000000 0.846080 0.533057
39.900000 13.191726 -10.978932 0.000000 0.000000 0.000000 0.745389 0.666630
40.000000 13.378513 -9.267965 0.000000 0.000000 0.000000 0.604514 0.796595
40.100000 13.762344 -7.358045 0.000000 0.000000 0.000000 0.687064 0.726597
40.200000 13.971100 -5.308535 0.000000 0.000000 0.000000 0.665742 0.746182
40.300000 14.077639 -3.266439 0.000000 0.000000 0.000000 0.701405 0.712763
40.400000 14.003264 -1.627423 0.000000 0.000000 0.000000 0.700034 0.714110
40.500000 14.098452 0.064414 0.000000 0.000000 0.000000 0.686936 0.726718
40.600000 13.391316 1.131419 0.000000 0.000000 0.000000 0.999346 0.036153
40.700000 11.800663 1.275768 0.000000 0.000000 0.000000 0.998991 0.044914
40.800000 10.214100 1.452003 0.000000 0.000000 0.000000 0.998454 0.055586
40.900000 8.509707 1.684665 0.000000 0.000000 0.000000 0.998086 0.061840
41.000000 6.486928 1.735812 0.000000 -0.000000 -0.000000 -0.999982 0.006061
41.100000 4.463084 1.675675 0.000000 -0.000000 -0.000000 -0.999406 0.034469
41.200000 2.239130 1.560883 0.000000 -0.000000 -0.000000 -0.999688 0.024997
41.300000 0.208479 1.413494 0.000000 -0.000000 -0.000000 -0.998924 0.046369
41.400000 -1.605781 1.785770 0.000000 0.000000 0.000000 0.954041 0.299675
41.500000 -2.673275 3.407555 0.000000 0.000000 0.000000 0.752735 0.658324
41.600000 -2.833198 5.453887 0.000000 0.000000 0.000000 0.700890 0.713269
41.700000 -2.723359 7.621570 0.000000 0.000000 0.000000 0.705731 0.708480
41.800000 -2.653519 9.691322 0.000000 0.000000 0.000000 0.691096 0.722763
41.900000 -2.666538 11.864627 0.000000 0.000000 0.000000 0.743066 0.669218
42.000000 -2.771247 13.925521 0.000000 0.000000 0.000000 0.709096 0.705112
42.100000 -2.823341 16.096329 0.000000 0.000000 0.000000 0.705906 0.708306
42.200000 -2.652423 18.151078 0.000000 0.000000 0.000000 0.705281 0.708928
42.300000 -2.589811 20.219447 0.000000 0.000000 0.000000 0.682744 0.730657
42.400000 -2.366504 22.271939 0.000000 0.000000 0.000000 0.620624 0.784108
42.500000 -1.134947 23.909566 0.000000 0.000000 0.000000 0.413757 0.910387
42.600000 0.404629 25.539424 0.000000 0.000000 0.000000 0.366176 0.930545
42.700000 2.470032 26.691465 0.000000 -0.000000 -0.000000 -0.029898 0.999553
42.800000 4.718633 26.207397 0.000000 -0.000000 -0.000000 -0.127244 0.991871
42.900000 7.033229 25.932890 0.000000 0.000000 0.000000 0.031669 0.999498
43.000000 9.420242 26.014629 0.000000 0.000000 0.000000 0.004797 0.999988
43.100000 11.930489 25.967598 0.000000 -0.000000 -0.000000 -0.021770 0.999763
43.200000 13.794545 26.480992 0.000000 0.000000 0.000000 0.443172 0.896436
43.300000 14.055729 28.328584 0.000000 0.000000 0.000000 0.650403 0.759589
43.400000 14.126273 29.828484 0.000000 0.000000 0.000000 0.767907 0.640561
43.500000 13.992309 32.007726 0.000000 0.000000 0.000000 0.707670 0.706543
43.600000 14.042687 34.588368 0.000000 0.000000 0.000000 0.702217 0.711963
43.700000 14.058559 37.172160 0.000000 0.000000 0.000000 0.696018 0.718024
43.800000 14.076587 39.629113 0.000000 0.000000 0.000000 0.726263 0.687417
43.900000 13.973925 42.074649 0.000000 0.000000 0.000000 0.731395 0.681954
44.000000 13.850528 44.659265 0.000000 0.000000 0.000000 0.716794 0.697285
44.100000 13.825746 47.111866 0.000000 0.000000 0.000000 0.716761 0.697319
44.200000 13.796829 49.699176 0.000000 0.000000 0.000000 0.704901 0.709305
44.300000 13.672679 52.275535 0.000000 0.000000 0.000000 0.737781 0.675040
44.400000 13.649546 54.491168 0.000000 0.000000 0.000000 0.622269 0.782803
44.500000 13.728447 56.046851 0.000000 0.000000 0.000000 0.720803 0.693140
44.600000 13.685430 57.964122 0.000000 0.000000 0.000000 0.711289 0.702900
44.700000 13.713645 60.491863 0.000000 0.000000 0.000000 0.698610 0.715503
44.800000 13.814348 62.952211 0.000000 0.000000 0.000000 0.683590 0.729867
44.900000 13.960899 65.529366 0.000000 0.000000 0.000000 0.688240 0.725483
45.000000 14.123950 68.100961 0.000000 0.000000 0.000000 0.680417 0.732825
45.100000 14.365543 70.678165 0.000000 0.000000 0.000000 0.658927 0.752207
45.200000 14.460137 73.252319 0.000000 0.000000 0.000000 0.720232 0.693733
45.300000 14.390489 75.824283 0.000000 0.000000 0.000000 0.711072 0.703119
45.400000 14.377180 78.420294 0.000000 0.000000 0.000000 0.705787 0.708425
45.500000 14.409509 80.869578 0.000000 0.000000 0.000000 0.697362 0.716719
45.600000 14.502941 83.452591 0.000000 0.000000 0.000000 0.691824 0.722066
45.700000 14.642866 86.029137 0.000000 0.000000 0.000000 0.693064 0.720876
45.800000 14.763267 88.594690 0.000000 0.000000 0.000000 0.683646 0.729814
45.900000 14.886634 90.309588 0.000000 0.000000 0.000000 0.678825 0.734300
46.000000 14.975693 92.062702 0.000000 0.000000 0.000000 0.736248 0.676712
46.100000 14.829512 93.929126 0.000000 0.000000 0.000000 0.734461 0.678651
46.200000 14.848646 96.282724 0.000000 0.000000 0.000000 0.694284 0.719701
46.300000 14.961280 98.735087 0.000000 0.000000 0.000000 0.688433 0.725300
46.400000 13.654837 100.444305 0.000000 0.000000 0.000000 0.996024 0.089080
46.500000 11.128880 100.975749 0.000000 0.000000 0.000000 0.968274 0.249892
46.600000 10.729642 103.316218 0.000000 0.000000 0.000000 0.721911 0.691986
46.700000 10.606744 105.896605 0.000000 0.000000 0.000000 0.702132 0.712047
46.800000 10.799560 108.325691 0.000000 0.000000 0.000000 0.680072 0.733145
46.900000 10.978169 110.219931 0.000000 0.000000 0.000000 0.675438 0.737417
47.000000 11.399390 112.055419 0.000000 0.000000 0.000000 0.459246 0.888309
47.100000 12.818068 113.922049 0.000000 0.000000 0.000000 0.544447 0.838795
47.200000 13.389521 116.185808 0.000000 0.000000 0.000000 0.672750 0.739870
47.300000 13.542301 118.420237 0.000000 0.000000 0.000000 0.746279 0.665633
47.400000 11.952673 119.654755 0.000000 0.000000 0.000000 0.999592 0.028567
47.500000 9.618696 119.769970 0.000000 0.000000 0.000000 0.999893 0.014632
47.600000 7.066673 119.817248 0.000000 -0.000000 -0.000000 -0.999924 0.012353
47.700000 4.519883 120.175199 0.000000 0.000000 0.000000 0.997478 0.070981
47.800000 1.963426 120.587970 0.000000 0.000000 0.000000 0.997937 0.064205
47.900000 -0.475938 120.879963 0.000000 0.000000 0.000000 0.999068 0.043172
48.000000 -3.058756 121.083129 0.000000 0.000000 0.000000 0.999774 0.021280
48.100000 -5.636068 121.203085 0.000000 0.000000 0.000000 0.999201 0.039975
48.200000 -8.083994 121.395467 0.000000 0.000000 0.000000 0.998825 0.048460
48.300000 -10.658830 121.638943 0.000000 0.000000 0.000000 0.999495 0.031781
48.400000 -13.080575 121.921944 0.000000 0.000000 0.000000 0.998169 0.060486
48.500000 -15.641649 122.203776 0.000000 0.000000 0.000000 0.999244 0.038889
48.600000 -18.187872 122.513485 0.000000 0.000000 0.000000 0.994924 0.100633
48.700000 -20.587527 122.965810 0.000000 0.000000 0.000000 0.998049 0.062429
48.800000 -23.005746 123.270820 0.000000 0.000000 0.000000 0.998813 0.048699
48.900000 -25.556604 123.255186 0.000000 -0.000000 -0.000000 -0.990082 0.140491
49.000000 -27.786406 122.043388 0.000000 -0.000000 -0.000000 -0.925843 0.377909
49.100000 -29.425413 120.238793 0.000000 -0.000000 -0.000000 -0.926516 0.376255
49.200000 -31.361145 118.573257 0.000000 -0.000000 -0.000000 -0.936478 0.350727
49.300000 -33.043876 116.678324 0.000000 -0.000000 -0.000000 -0.808533 0.588451
49.400000 -33.370271 114.946989 0.000000 -0.000000 -0.000000 -0.608225 0.793764
49.500000 -33.707606 113.417090 0.000000 -0.000000 -0.000000 -0.999720 0.023647
49.600000 -33.656774 114.987036 0.000000 0.000000 0.000000 0.698239 0.715864
49.700000 -33.549890 113.467558 0.000000 -0.000000 -0.000000 -0.659643 0.751579
49.800000 -33.753979 110.930282 0.000000 -0.000000 -0.000000 -0.764240 0.644932
49.900000 -34.095766 108.524933 0.000000 -0.000000 -0.000000 -0.742991 0.669301
50.000000 -34.321081 106.097089 0.000000 -0.000000 -0.000000 -0.728060 0.685514
50.100000 -34.370270 103.538410 0.000000 -0.000000 -0.000000 -0.697512 0.716573
50.200000 -34.260492 100.977634 0.000000 -0.000000 -0.000000 -0.678477 0.734621
50.300000 -34.031712 98.560015 0.000000 -0.000000 -0.000000 -0.661929 0.749567
50.400000 -33.752043 96.335258 0.000000 -0.000000 -0.000000 -0.722883 0.690970
50.500000 -33.891611 94.024300 0.000000 -0.000000 -0.000000 -0.718985 0.695026
50.600000 -33.953574 91.594109 0.000000 -0.000000 -0.000000 -0.706727 0.707486
50.700000 -33.918866 89.034352 0.000000 -0.000000 -0.000000 -0.689640 0.724153
50.800000 -34.063547 86.473584 0.000000 -0.000000 -0.000000 -0.725113 0.688630
50.900000 -34.160186 84.040309 0.000000 -0.000000 -0.000000 -0.712702 0.701467
51.000000 -34.181518 81.476910 0.000000 -0.000000 -0.000000 -0.702414 0.711769
51.100000 -34.347897 79.067417 0.000000 -0.000000 -0.000000 -0.773239 0.634114
51.200000 -34.864490 76.554163 0.000000 -0.000000 -0.000000 -0.770469 0.637477
51.300000 -35.230127 74.009421 0.000000 -0.000000 -0.000000 -0.747966 0.663737
51.400000 -35.486922 71.599967 0.000000 -0.000000 -0.000000 -0.722673 0.691190
51.500000 -35.030155 69.084391 0.000000 -0.000000 -0.000000 -0.613069 0.790030
51.600000 -34.576631 66.698854 0.000000 -0.000000 -0.000000 -0.677388 0.735626
51.700000 -34.673755 64.224785 0.000000 -0.000000 -0.000000 -0.735671 0.677339
51.800000 -34.881286 61.704264 0.000000 -0.000000 -0.000000 -0.733322 0.679881
51.900000 -35.041015 59.156199 0.000000 -0.000000 -0.000000 -0.719344 0.694654
52.000000 -35.131183 56.720441 0.000000 -0.000000 -0.000000 -0.716445 0.697643
52.100000 -35.187076 54.378220 0.000000 -0.000000 -0.000000 -0.712635 0.701535
52.200000 -35.199223 51.824893 0.000000 -0.000000 -0.000000 -0.704151 0.710051
52.300000 -35.222901 49.263984 0.000000 -0.000000 -0.000000 -0.733406 0.679791
52.400000 -35.503695 46.844738 0.000000 -0.000000 -0.000000 -0.742333 0.670031
52.500000 -35.739705 44.296926 0.000000 -0.000000 -0.000000 -0.731998 0.681307
52.600000 -35.907426 41.741795 0.000000 -0.000000 -0.000000 -0.722251 0.691631
52.700000 -35.998145 39.305902 0.000000 -0.000000 -0.000000 -0.713527 0.700628
52.800000 -36.073971 36.743964 0.000000 -0.000000 -0.000000 -0.730999 0.682378
52.900000 -36.311241 34.325154 0.000000 -0.000000 -0.000000 -0.737536 0.675308
53.000000 -36.544693 31.886176 0.000000 -0.000000 -0.000000 -0.739620 0.673025
53.100000 -36.752653 29.464752 0.000000 -0.000000 -0.000000 -0.729829 0.683629
53.200000 -36.913442 26.899685 0.000000 -0.000000 -0.000000 -0.719737 0.694246
53.300000 -37.007867 24.473796 0.000000 -0.000000 -0.000000 -0.718357 0.695675
53.400000 -37.189173 22.015849 0.000000 -0.000000 -0.000000 -0.795942 0.605373
53.500000 -38.881172 20.330375 0.000000 -0.000000 -0.000000 -0.996842 0.079416
53.600000 -41.440562 20.275291 0.000000 0.000000 0.000000 0.999998 0.002073
53.700000 -43.877898 20.377925 0.000000 0.000000 0.000000 0.999160 0.040971
53.800000 -46.281015 20.696717 0.000000 0.000000 0.000000 0.996984 0.077604
53.900000 -48.521612 21.367460 0.000000 0.000000 0.000000 0.975679 0.219206
54.000000 -49.904550 20.457890 0.000000 -0.000000 -0.000000 -0.371289 0.928517
54.100000 -47.869729 20.526748 0.000000 0.000000 0.000000 0.014512 0.999895
54.200000 -45.155301 20.599859 0.000000 0.000000 0.000000 0.023315 0.999728
54.300000 -42.602769 20.319523 0.000000 -0.000000 -0.000000 -0.111431 0.993772
54.400000 -39.973547 19.673344 0.000000 -0.000000 -0.000000 -0.029112 0.999576
54.500000 -37.260882 19.600756 0.000000 0.000000 0.000000 0.000441 1.000000
54.600000 -34.699622 19.472867 0.000000 -0.000000 -0.000000 -0.196873 0.980429
54.700000 -32.417944 18.151013 0.000000 -0.000000 -0.000000 -0.051925 0.998651
54.800000 -29.842574 17.981954 0.000000 0.000000 0.000000 0.147158 0.989113
54.900000 -30.390365 18.680219 0.000000 -0.000000 -0.000000 -0.970059 0.242868
55.000000 -32.586575 18.755422 0.000000 0.000000 0.000000 0.997833 0.065794
55.100000 -34.985586 19.173053 0.000000 0.000000 0.000000 0.995440 0.095393
55.200000 -37.233029 19.706003 0.000000 0.000000 0.000000 0.992021 0.126076
55.300000 -39.610539 20.211605 0.000000 0.000000 0.000000 0.995040 0.099473
55.400000 -42.004814 20.615951 0.000000 -0.000000 -0.000000 -0.999940 0.010956
55.500000 -44.428020 20.674484 0.000000 0.000000 0.000000 0.998761 0.049772
55.600000 -46.489753 20.597885 0.000000 -0.000000 -0.000000 -0.999748 0.022431
55.700000 -48.904949 20.796795 0.000000 0.000000 0.000000 0.997832 0.065808
55.800000 -51.306274 21.199042 0.000000 0.000000 0.000000 0.995920 0.090239
55.900000 -53.681023 21.731894 0.000000 0.000000 0.000000 0.993082 0.117423
56.000000 -55.941784 22.190113 0.000000 0.000000 0.000000 0.999197 0.040070
56.100000 -58.366252 22.414118 0.000000 0.000000 0.000000 0.998636 0.052211
56.200000 -60.665613 22.622074 0.000000 0.000000 0.000000 0.999522 0.030901
56.300000 -63.087233 22.812599 0.000000 0.000000 0.000000 0.999025 0.044140
56.400000 -65.508498 23.079502 0.000000 0.000000 0.000000 0.998213 0.059759
56.500000 -67.817697 23.432297 0.000000 0.000000 0.000000 0.997007 0.077318
56.600000 -70.236329 23.878375 0.000000 0.000000 0.000000 0.995887 0.090603
56.700000 -72.530693 24.312896 0.000000 0.000000 0.000000 0.995916 0.090287
56.800000 -74.859051 24.783180 0.000000 0.000000 0.000000 0.995252 0.097334
56.900000 -77.235333 25.226981 0.000000 0.000000 0.000000 0.999279 0.037958
57.000000 -79.681993 25.461779 0.000000 0.000000 0.000000 0.998676 0.051433
57.100000 -82.114486 25.831124 0.000000 0.000000 0.000000 0.997261 0.073959
57.200000 -84.413167 26.206887 0.000000 0.000000 0.000000 0.999108 0.042235
57.300000 -86.846067 26.267167 0.000000 0.000000 0.000000 0.995227 0.097590
57.400000 -89.212316 26.710432 0.000000 0.000000 0.000000 0.993947 0.109862
57.500000 -91.570874 27.229252 0.000000 0.000000 0.000000 0.992253 0.124235
57.600000 -93.803305 27.759225 0.000000 0.000000 0.000000 0.995874 0.090752
57.700000 -94.941195 25.844158 0.000000 -0.000000 -0.000000 -0.758888 0.651221
57.800000 -95.237488 23.202131 0.000000 -0.000000 -0.000000 -0.816919 0.576753
57.900000 -97.039849 21.798603 0.000000 -0.000000 -0.000000 -0.996410 0.084663
58.000000 -99.588283 22.017308 0.000000 0.000000 0.000000 0.999957 0.009259
58.100000 -100.795175 20.078821 0.000000 -0.000000 -0.000000 -0.790418 0.612567
58.200000 -101.157702 17.542396 0.000000 -0.000000 -0.000000 -0.760407 0.649446
58.300000 -101.455560 15.526469 0.000000 -0.000000 -0.000000 -0.748468 0.663171
58.400000 -102.153252 14.210741 0.000000 0.000000 0.000000 0.991330 0.131398
58.500000 -101.968932 15.709909 0.000000 0.000000 0.000000 0.510252 0.860025
58.600000 -101.512883 17.498074 0.000000 0.000000 0.000000 0.691375 0.722496
58.700000 -101.289028 20.072130 0.000000 0.000000 0.000000 0.663811 0.747900
58.800000 -100.589465 22.393598 0.000000 0.000000 0.000000 0.230604 0.973048
58.900000 -98.094140 22.784575 0.000000 0.000000 0.000000 0.049783 0.998760
59.000000 -96.260376 24.080163 0.000000 0.000000 0.000000 0.540993 0.841027
59.100000 -95.523907 26.317642 0.000000 0.000000 0.000000 0.616018 0.787732
59.200000 -96.348927 27.761121 0.000000 0.000000 0.000000 0.963010 0.269467
59.300000 -98.131150 28.335057 0.000000 0.000000 0.000000 0.996670 0.081544
59.400000 -100.141435 28.707017 0.000000 0.000000 0.000000 0.996529 0.083244
59.500000 -102.666346 29.186570 0.000000 0.000000 0.000000 0.995800 0.091558
59.600000 -105.476254 29.526782 0.000000 0.000000 0.000000 0.999987 0.005175
59.700000 -108.446292 29.673569 0.000000 0.000000 0.000000 0.999946 0.010436
59.800000 -111.423709 29.845842 0.000000 0.000000 0.000000 0.999901 0.014041
59.900000 -114.255688 30.031523 0.000000 0.000000 0.000000 0.999845 0.017620
60.000000 -117.217499 30.236725 0.000000 0.000000 0.000000 0.999797 0.020136
60.100000 -120.051674 30.438055 0.000000 -0.000000 -0.000000 -1.000000 0.000924
60.200000 -122.869608 30.417749 0.000000 0.000000 0.000000 0.999368 0.035554
60.300000 -125.788840 31.055310 0.000000 0.000000 0.000000 0.993528 0.113591
60.400000 -128.702953 31.668334 0.000000 0.000000 0.000000 0.997980 0.063526
60.500000 -131.514867 32.085911 0.000000 0.000000 0.000000 0.997970 0.063688
60.600000 -134.227907 32.155021 0.000000 -0.000000 -0.000000 -0.999315 0.037015
60.700000 -136.939698 31.895574 0.000000 -0.000000 -0.000000 -0.999324 0.036761
60.800000 -139.667247 31.692329 0.000000 -0.000000 -0.000000 -0.999905 0.013808
60.900000 -142.378708 31.615666 0.000000 0.000000 0.000000 0.997429 0.071655
61.000000 -144.951757 31.912656 0.000000 0.000000 0.000000 0.997005 0.077335
61.100000 -147.633579 32.240763 0.000000 0.000000 0.000000 0.996664 0.081615
61.200000 -150.216657 32.602403 0.000000 0.000000 0.000000 0.995694 0.092696
61.300000 -152.856251 33.005613 0.000000 0.000000 0.000000 0.995142 0.098453
61.400000 -155.388182 33.528518 0.000000 0.000000 0.000000 0.995132 0.098556
61.500000 -157.794825 34.038192 0.000000 0.000000 0.000000 0.996348 0.085387
61.600000 -160.338796 34.368477 0.000000 0.000000 0.000000 0.999991 0.004330
61.700000 -162.870011 34.584323 0.000000 0.000000 0.000000 0.960323 0.278890
61.800000 -162.864207 36.528397 0.000000 0.000000 0.000000 0.264369 0.964422
61.900000 -162.158674 38.676387 0.000000 0.000000 0.000000 0.660813 0.750551
62.000000 -161.789823 41.095189 0.000000 0.000000 0.000000 0.671237 0.741243
62.100000 -162.099955 43.655720 0.000000 0.000000 0.000000 0.761863 0.647738
62.200000 -162.234420 46.238401 0.000000 0.000000 0.000000 0.704624 0.709581
62.300000 -162.141315 48.689611 0.000000 0.000000 0.000000 0.684132 0.729358
62.400000 -161.895507 51.250789 0.000000 0.000000 0.000000 0.663329 0.748328
62.500000 -161.499430 53.812992 0.000000 0.000000 0.000000 0.640071 0.768316
62.600000 -161.134441 56.239102 0.000000 0.000000 0.000000 0.668535 0.743681
62.700000 -160.785687 58.792447 0.000000 0.000000 0.000000 0.647329 0.762211
62.800000 -160.312935 61.339660 0.000000 0.000000 0.000000 0.658008 0.753011
62.900000 -160.171250 63.917233 0.000000 0.000000 0.000000 0.693609 0.720352
63.000000 -160.014795 66.367184 0.000000 0.000000 0.000000 0.678339 0.734749
63.100000 -159.743583 68.923396 0.000000 0.000000 0.000000 0.659734 0.751499
63.200000 -159.348697 71.486638 0.000000 0.000000 0.000000 0.642881 0.765966
63.300000 -158.867501 73.886902 0.000000 0.000000 0.000000 0.626679 0.779277
63.400000 -158.563512 76.448258 0.000000 0.000000 0.000000 0.702093 0.712086
63.500000 -158.505488 78.900335 0.000000 0.000000 0.000000 0.696466 0.717590
63.600000 -158.373073 81.484202 0.000000 0.000000 0.000000 0.684177 0.729316
63.700000 -158.167838 84.055244 0.000000 0.000000 0.000000 0.673811 0.738904
63.800000 -157.875192 86.629631 0.000000 0.000000 0.000000 0.660843 0.750525
63.900000 -157.489272 89.181198 0.000000 0.000000 0.000000 0.647836 0.761780
64.000000 -157.021652 91.723056 0.000000 0.000000 0.000000 0.632987 0.774163
64.100000 -156.621161 94.135210 0.000000 0.000000 0.000000 0.667938 0.744217
64.200000 -156.304304 96.705671 0.000000 0.000000 0.000000 0.659253 0.751921
64.300000 -155.930335 99.258190 0.000000 0.000000 0.000000 0.648558 0.761165
64.400000 -155.452932 101.811451 0.000000 0.000000 0.000000 0.649600 0.760276
64.500000 -155.206730 104.252947 0.000000 0.000000 0.000000 0.672681 0.739933
64.600000 -154.932732 106.823451 0.000000 0.000000 0.000000 0.665442 0.746450
64.700000 -154.603205 109.393591 0.000000 0.000000 0.000000 0.659337 0.751847
64.800000 -154.228544 111.951874 0.000000 0.000000 0.000000 0.649637 0.760244
64.900000 -153.985936 114.387576 0.000000 0.000000 0.000000 0.697688 0.716402
65.000000 -153.880046 116.968362 0.000000 0.000000 0.000000 0.691395 0.722477
65.100000 -153.403973 119.467765 0.000000 0.000000 0.000000 0.574631 0.818413
65.200000 -152.495931 121.911592 0.000000 0.000000 0.000000 0.586717 0.809792
65.300000 -151.924057 124.295234 0.000000 0.000000 0.000000 0.627088 0.778948
65.400000 -151.487286 126.708179 0.000000 0.000000 0.000000 0.652283 0.757975
65.500000 -151.095438 129.255531 0.000000 0.000000 0.000000 0.646935 0.762545
65.600000 -150.664641 131.817954 0.000000 0.000000 0.000000 0.642709 0.766111
65.700000 -151.092555 133.460889 0.000000 0.000000 0.000000 0.880270 0.474473
65.800000 -152.100917 134.970070 0.000000 0.000000 0.000000 0.897845 0.440312
65.900000 -153.298909 136.576218 0.000000 0.000000 0.000000 0.887614 0.460589
66.000000 -154.852051 138.651541 0.000000 0.000000 0.000000 0.913632 0.406542
66.100000 -156.800684 140.293859 0.000000 0.000000 0.000000 0.980689 0.195575
66.200000 -159.303975 140.925132 0.000000 0.000000 0.000000 0.993718 0.111914
66.300000 -161.732329 141.449026 0.000000 0.000000 0.000000 0.996195 0.087156
66.400000 -164.037940 141.823434 0.000000 0.000000 0.000000 0.998090 0.061777
66.500000 -166.597966 142.125457 0.000000 0.000000 0.000000 0.999410 0.034338
66.600000 -169.017277 142.532871 0.000000 0.000000 0.000000 0.997334 0.072970
66.700000 -171.582129 142.881844 0.000000 0.000000 0.000000 0.998355 0.057336
66.800000 -173.938952 143.493187 0.000000 0.000000 0.000000 0.981887 0.189468
66.900000 -176.180730 144.180251 0.000000 0.000000 0.000000 0.992534 0.121969
67.000000 -178.187165 144.706714 0.000000 0.000000 0.000000 0.995128 0.098593
67.100000 -180.217007 145.072071 0.000000 0.000000 0.000000 0.999508 0.031362
67.200000 -182.376314 145.234022 0.000000 0.000000 0.000000 0.997488 0.070832
67.300000 -184.216894 145.472503 0.000000 0.000000 0.000000 0.998836 0.048234
67.400000 -186.375724 145.816604 0.000000 0.000000 0.000000 0.990238 0.139389
67.500000 -188.767269 146.503081 0.000000 0.000000 0.000000 0.992054 0.125810
67.600000 -191.142736 147.120417 0.000000 0.000000 0.000000 0.992869 0.119213
67.700000 -193.654350 147.724320 0.000000 0.000000 0.000000 0.994404 0.105641
67.800000 -196.173175 148.287192 0.000000 0.000000 0.000000 0.994972 0.100150
67.900000 -197.945391 148.375592 0.000000 -0.000000 -0.000000 -0.969624 0.244599
68.000000 -199.005265 146.912796 0.000000 -0.000000 -0.000000 -0.762937 0.646473
68.100000 -199.389897 144.420478 0.000000 -0.000000 -0.000000 -0.745399 0.666619
68.200000 -199.228592 142.021123 0.000000 -0.000000 -0.000000 -0.728982 0.684532
68.300000 -199.382277 139.867135 0.000000 -0.000000 -0.000000 -0.719349 0.694649
68.400000 -199.451284 138.245318 0.000000 -0.000000 -0.000000 -0.752131 0.659013
68.500000 -200.450791 135.929742 0.000000 -0.000000 -0.000000 -0.750564 0.660798
68.600000 -200.670428 133.387270 0.000000 -0.000000 -0.000000 -0.721691 0.692216
68.700000 -200.769504 130.952384 0.000000 -0.000000 -0.000000 -0.710029 0.704172
68.800000 -200.817677 128.392232 0.000000 -0.000000 -0.000000 -0.721206 0.692720
68.900000 -200.882171 125.967076 0.000000 -0.000000 -0.000000 -0.701119 0.713045
69.000000 -201.114801 123.414307 0.000000 -0.000000 -0.000000 -0.748236 0.663432
69.100000 -201.385486 120.995139 0.000000 -0.000000 -0.000000 -0.734657 0.678439
69.200000 -201.720257 118.462490 0.000000 -0.000000 -0.000000 -0.796726 0.604341
69.300000 -202.370236 116.117098 0.000000 -0.000000 -0.000000 -0.780670 0.624943
69.400000 -202.813408 113.591921 0.000000 -0.000000 -0.000000 -0.754959 0.655772
69.500000 -203.416549 111.110371 0.000000 -0.000000 -0.000000 -0.785446 0.618930
69.600000 -203.601604 108.694616 0.000000 -0.000000 -0.000000 -0.682406 0.730974
69.700000 -203.430287 106.275931 0.000000 -0.000000 -0.000000 -0.672611 0.739996
69.800000 -204.091171 104.062102 0.000000 -0.000000 -0.000000 -0.837099 0.547052
69.900000 -204.369388 102.383394 0.000000 -0.000000 -0.000000 -0.741787 0.670636
70.000000 -204.832117 100.786120 0.000000 -0.000000 -0.000000 -0.691269 0.722598
70.100000 -204.290364 99.216903 0.000000 -0.000000 -0.000000 -0.499000 0.866602
70.200000 -203.210136 98.187103 0.000000 -0.000000 -0.000000 -0.265630 0.964075
70.300000 -202.333261 96.691272 0.000000 -0.000000 -0.000000 -0.691385 0.722486
70.400000 -204.029679 95.391604 0.000000 -0.000000 -0.000000 -0.944503 0.328502
70.500000 -205.540014 93.418285 0.000000 -0.000000 -0.000000 -0.776425 0.630210
70.600000 -205.874522 91.021384 0.000000 -0.000000 -0.000000 -0.740405 0.672161
70.700000 -206.062833 88.596076 0.000000 -0.000000 -0.000000 -0.721239 0.692686
70.800000 -206.166474 86.037637 0.000000 -0.000000 -0.000000 -0.733149 0.680068
70.900000 -206.570109 83.598660 0.000000 -0.000000 -0.000000 -0.757073 0.653331
71.000000 -206.933076 81.100332 0.000000 -0.000000 -0.000000 -0.753772 0.657136
71.100000 -207.522233 78.611413 0.000000 -0.000000 -0.000000 -0.755060 0.655655
71.200000 -208.001064 76.110535 0.000000 -0.000000 -0.000000 -0.815872 0.578233
71.300000 -208.512276 73.737429 0.000000 -0.000000 -0.000000 -0.750131 0.661289
71.400000 -208.871984 71.204807 0.000000 -0.000000 -0.000000 -0.754115 0.656743
71.500000 -209.168001 68.652338 0.000000 -0.000000 -0.000000 -0.694673 0.719325
71.600000 -209.069932 66.103386 0.000000 -0.000000 -0.000000 -0.681981 0.731370
71.700000 -208.910947 63.674861 0.000000 -0.000000 -0.000000 -0.703493 0.710702
71.800000 -209.041406 61.118804 0.000000 -0.000000 -0.000000 -0.718164 0.695874
71.900000 -209.483149 58.597861 0.000000 -0.000000 -0.000000 -0.781961 0.623327
72.000000 -210.042601 56.234452 0.000000 -0.000000 -0.000000 -0.777661 0.628684
72.100000 -210.394177 53.703961 0.000000 -0.000000 -0.000000 -0.695482 0.718543
72.200000 -210.836075 51.327596 0.000000 -0.000000 -0.000000 -0.774261 0.632867
72.300000 -210.826452 49.055830 0.000000 -0.000000 -0.000000 -0.694257 0.719727
72.400000 -210.955753 47.196435 0.000000 -0.000000 -0.000000 -0.749258 0.662279
72.500000 -211.183691 45.050612 0.000000 -0.000000 -0.000000 -0.616205 0.787586
72.600000 -209.763032 44.092127 0.000000 -0.000000 -0.000000 -0.062836 0.998024
72.700000 -207.380101 43.813080 0.000000 -0.000000 -0.000000 -0.048293 0.998833
72.800000 -204.963081 43.564245 0.000000 -0.000000 -0.000000 -0.082945 0.996554
72.900000 -202.435650 43.175939 0.000000 -0.000000 -0.000000 -0.064459 0.997920
73.000000 -199.880440 42.866329 0.000000 -0.000000 -0.000000 -0.092432 0.995719
73.100000 -197.386383 42.307739 0.000000 -0.000000 -0.000000 -0.142694 0.989767
73.200000 -195.001661 41.380770 0.000000 -0.000000 -0.000000 -0.172856 0.984947
73.300000 -192.698145 40.596571 0.000000 -0.000000 -0.000000 -0.146297 0.989241
73.400000 -190.235227 39.909543 0.000000 -0.000000 -0.000000 -0.115232 0.993339
73.500000 -187.724776 39.367725 0.000000 -0.000000 -0.000000 -0.090575 0.995890
73.600000 -185.321055 38.974405 0.000000 -0.000000 -0.000000 -0.066070 0.997815
73.700000 -182.783910 38.635285 0.000000 -0.000000 -0.000000 -0.089531 0.995984
73.800000 -180.385694 38.242492 0.000000 -0.000000 -0.000000 -0.067736 0.997703
73.900000 -177.870906 37.751990 0.000000 -0.000000 -0.000000 -0.114729 0.993397
74.000000 -175.364845 37.203323 0.000000 -0.000000 -0.000000 -0.093629 0.995607
74.100000 -172.977579 36.751161 0.000000 -0.000000 -0.000000 -0.077727 0.996975
74.200000 -170.557386 35.910375 0.000000 -0.000000 -0.000000 -0.168723 0.985664
74.300000 -168.126529 35.111097 0.000000 -0.000000 -0.000000 -0.141897 0.989881
74.400000 -165.649822 34.510592 0.000000 0.000000 0.000000 0.042011 0.999117
74.500000 -163.186602 35.165975 0.000000 0.000000 0.000000 0.274358 0.961628
74.600000 -162.185195 36.810010 0.000000 0.000000 0.000000 0.693824 0.720144
74.700000 -163.234202 37.170989 0.000000 -0.000000 -0.000000 -0.685520 0.728054
74.800000 -162.552831 35.687254 0.000000 -0.000000 -0.000000 -0.726738 0.686915
74.900000 -162.195131 34.122585 0.000000 -0.000000 -0.000000 -0.252512 0.967594
75.000000 -160.341269 33.782297 0.000000 -0.000000 -0.000000 -0.061892 0.998083
75.100000 -157.913517 33.781542 0.000000 0.000000 0.000000 0.056607 0.998397
75.200000 -155.373129 34.118380 0.000000 0.000000 0.000000 0.080726 0.996736
75.300000 -152.834414 34.446988 0.000000 -0.000000 -0.000000 -0.044589 0.999005
75.400000 -150.559381 34.085848 0.000000 -0.000000 -0.000000 -0.045366 0.998970
75.500000 -148.166826 33.709604 0.000000 -0.000000 -0.000000 -0.085305 0.996355
75.600000 -145.785402 33.202724 0.000000 -0.000000 -0.000000 -0.071732 0.997424
75.700000 -143.395826 32.790740 0.000000 -0.000000 -0.000000 -0.047310 0.998880
75.800000 -141.115055 32.518399 0.000000 -0.000000 -0.000000 -0.021171 0.999776
75.900000 -138.830336 32.366808 0.000000 -0.000000 -0.000000 -0.001982 0.999998
76.000000 -136.408043 32.301692 0.000000 0.000000 0.000000 0.024706 0.999695
76.100000 -133.999973 32.161541 0.000000 -0.000000 -0.000000 -0.051631 0.998666
76.200000 -131.740364 31.706978 0.000000 -0.000000 -0.000000 -0.069630 0.997573
76.300000 -129.609387 31.452436 0.000000 -0.000000 -0.000000 -0.056156 0.998422
76.400000 -127.551162 31.263742 0.000000 -0.000000 -0.000000 -0.048140 0.998841
76.500000 -125.436662 31.118431 0.000000 -0.000000 -0.000000 -0.034811 0.999394
76.600000 -123.405149 31.042620 0.000000 -0.000000 -0.000000 -0.027053 0.999634
76.700000 -121.253224 30.957492 0.000000 -0.000000 -0.000000 -0.040218 0.999191
76.800000 -119.223372 30.786966 0.000000 -0.000000 -0.000000 -0.068616 0.997643
76.900000 -117.093950 30.539897 0.000000 -0.000000 -0.000000 -0.054975 0.998488
77.000000 -114.952555 30.369858 0.000000 -0.000000 -0.000000 -0.043787 0.999041
77.100000 -112.994930 30.259327 0.000000 -0.000000 -0.000000 -0.039122 0.999234
77.200000 -110.855970 30.132362 0.000000 -0.000000 -0.000000 -0.067329 0.997731
77.300000 -108.721218 29.879052 0.000000 -0.000000 -0.000000 -0.063349 0.997991
77.400000 -106.586256 29.650472 0.000000 -0.000000 -0.000000 -0.060580 0.998163
77.500000 -104.563099 29.437886 0.000000 -0.000000 -0.000000 -0.062586 0.998040
77.600000 -102.441630 29.143020 0.000000 -0.000000 -0.000000 -0.070067 0.997542
77.700000 -100.039985 28.825387 0.000000 -0.000000 -0.000000 -0.055921 0.998435
77.800000 -97.497884 28.550389 0.000000 -0.000000 -0.000000 -0.044202 0.999023
77.900000 -94.959020 28.331155 0.000000 -0.000000 -0.000000 -0.037741 0.999288
78.000000 -92.560963 27.994684 0.000000 -0.000000 -0.000000 -0.071531 0.997438
78.100000 -90.047769 27.610355 0.000000 -0.000000 -0.000000 -0.071204 0.997462
78.200000 -87.604929 27.276045 0.000000 -0.000000 -0.000000 -0.057420 0.998350
78.300000 -85.121508 26.903018 0.000000 -0.000000 -0.000000 -0.092299 0.995731
78.400000 -82.610409 26.446392 0.000000 -0.000000 -0.000000 -0.086009 0.996294
78.500000 -80.225903 26.048867 0.000000 -0.000000 -0.000000 -0.075276 0.997163
78.600000 -77.829854 25.686214 0.000000 -0.000000 -0.000000 -0.071748 0.997423
78.700000 -75.304070 25.336060 0.000000 -0.000000 -0.000000 -0.062661 0.998035
78.800000 -72.774731 25.017880 0.000000 -0.000000 -0.000000 -0.057164 0.998365
78.900000 -70.238046 24.724881 0.000000 -0.000000 -0.000000 -0.054529 0.998512
79.000000 -67.702226 24.461245 0.000000 -0.000000 -0.000000 -0.045869 0.998947
79.100000 -65.316186 24.057221 0.000000 -0.000000 -0.000000 -0.092037 0.995756
79.200000 -62.792359 23.567463 0.000000 -0.000000 -0.000000 -0.093113 0.995656
79.300000 -60.268868 23.069035 0.000000 -0.000000 -0.000000 -0.096128 0.995369
79.400000 -57.868911 22.591905 0.000000 -0.000000 -0.000000 -0.093577 0.995612
79.500000 -55.346722 22.097633 0.000000 -0.000000 -0.000000 -0.091852 0.995773
79.600000 -52.948517 21.618982 0.000000 -0.000000 -0.000000 -0.095790 0.995402
79.700000 -50.421977 21.106952 0.000000 -0.000000 -0.000000 -0.096831 0.995301
79.800000 -47.901273 20.605678 0.000000 -0.000000 -0.000000 -0.073788 0.997274
79.900000 -45.472417 20.339826 0.000000 -0.000000 -0.000000 -0.074077 0.997253
80.000000 -42.933171 19.932579 0.000000 -0.000000 -0.000000 -0.075682 0.997132
80.100000 -40.533435 19.511950 0.000000 -0.000000 -0.000000 -0.105659 0.994402
80.200000 -38.012333 18.960235 0.000000 -0.000000 -0.000000 -0.102604 0.994722
80.300000 -35.938446 18.515460 0.000000 -0.000000 -0.000000 -0.105477 0.994422
80.400000 -34.028005 18.101409 0.000000 -0.000000 -0.000000 -0.104957 0.994477
80.500000 -31.514435 17.538752 0.000000 -0.000000 -0.000000 -0.107360 0.994220
80.600000 -29.087064 16.992488 0.000000 -0.000000 -0.000000 -0.107063 0.994252
80.700000 -26.616831 16.437008 0.000000 -0.000000 -0.000000 -0.108771 0.994067
