0.000000 0.008305 -0.006780 -0.003524 0.000443 -0.000436 0.001898 0.999998
0.100000 0.992820 0.030412 -0.059949 0.319924 -0.225688 0.149199 0.907994
0.200000 1.778012 -0.063501 -0.356973 -0.491624 0.253954 0.821764 -0.136078
0.300000 2.725380 0.054427 -0.571972 -0.141157 0.727655 -0.611113 0.277729
0.400000 3.729407 0.181866 -0.882527 -0.204131 -0.243201 -0.462321 0.827915
0.500000 3.695377 1.031826 -0.731529 0.035327 0.621071 0.780809 -0.057971
0.600000 2.686630 1.109133 -0.439547 0.552577 -0.390541 0.710082 0.194728
0.700000 1.803571 0.980434 -0.305840 0.234112 0.166083 0.901257 0.324567
0.800000 0.879048 0.995252 -0.151208 0.452631 -0.095530 0.745575 0.479706
0.900000 -0.181054 1.142017 0.067867 -0.318329 0.605503 -0.495425 0.535338
1.000000 -0.098502 2.178938 0.417405 -0.194648 -0.555809 0.798312 0.126039
1.100000 0.828167 2.039402 -0.020435 0.733207 0.184124 -0.107790 0.645668
1.200000 1.877305 2.034550 -0.118343 0.112297 -0.297042 -0.337366 0.886194
1.300000 2.849231 2.255672 -0.298424 0.397084 0.251032 -0.629230 0.619175
1.400000 3.695539 2.149713 -0.517828 0.298605 -0.531694 0.519500 0.598546
1.500000 3.805103 3.092915 -0.396655 -0.059340 -0.468594 0.824268 0.312219
1.600000 2.835057 3.138448 -0.171035 -0.068927 0.336099 0.555666 0.757313
1.700000 1.780176 3.098236 -0.043960 0.663140 -0.281238 0.153358 0.676485
1.800000 0.863622 3.107074 0.275032 -0.343777 0.648268 -0.323276 0.597544
1.900000 -0.121695 3.140840 0.536293 -0.609822 0.228970 -0.371377 0.661641
2.000000 -0.088618 4.078833 0.576872 0.146283 0.053739 0.469099 0.869287
2.100000 0.880121 4.088709 0.366299 0.315616 0.733478 0.293061 0.525844
2.200000 1.875581 4.075841 0.164437 0.629020 -0.473885 0.565322 -0.245313
2.300000 2.939977 4.173607 -0.147305 0.179240 -0.375140 -0.679889 0.604064
2.400000 3.972545 4.162944 -0.215505 -0.099672 0.343810 0.876261 -0.322532
2.500000 4.121779 3.969526 0.811678 0.114428 0.098665 -0.001135 0.988519
2.600000 3.089454 3.924212 0.905917 -0.249181 -0.337363 0.873234 0.248108
2.700000 2.068406 3.853677 1.040469 -0.318592 0.091764 0.847531 -0.414451
2.800000 1.207957 3.837865 1.348576 0.422610 -0.027496 0.125863 0.897109
2.900000 0.289577 3.771128 1.519405 -0.527921 -0.165355 0.720786 -0.417641
3.000000 0.187929 2.958772 1.487417 0.435264 0.171278 0.445231 0.763530
3.100000 1.113977 2.920845 1.234590 0.042454 0.564197 -0.204376 0.798818
3.200000 2.139228 2.899417 0.933094 -0.500004 -0.258967 0.595635 0.572845
3.300000 3.038865 2.795714 0.686305 0.015681 -0.184538 0.932293 -0.310692
3.400000 4.092901 2.976051 0.559025 0.270928 -0.135274 -0.287285 0.908717
3.500000 3.983568 1.992019 0.374381 -0.353471 0.333986 0.873442 0.024690
3.600000 3.018126 2.011022 0.528647 -0.281035 -0.086057 0.941758 0.163418
3.700000 2.056917 1.856872 0.814125 -0.020710 0.122159 0.990383 0.061557
3.800000 1.092421 1.908038 1.048352 0.032144 -0.282551 0.339228 0.896692
3.900000 0.189418 1.943684 1.253938 -0.385651 0.234073 0.865232 -0.218763
4.000000 0.023002 0.855490 0.976495 -0.188196 0.056410 -0.658600 0.726393
4.100000 0.985246 0.943512 0.859016 -0.494522 -0.059416 -0.428633 0.753785
4.200000 2.004605 0.831769 0.591828 -0.514449 0.267533 0.286517 0.762677
4.300000 2.965737 0.899087 0.348975 0.361603 -0.264038 -0.034462 0.893498
4.400000 3.950845 0.883061 0.184367 -0.122730 0.509076 0.727764 0.442876
4.500000 3.914519 -0.086970 0.184116 0.220486 -0.447862 0.736867 0.455887
4.600000 2.999855 -0.160784 0.321236 0.033556 0.128478 0.952635 -0.273596
4.700000 1.910711 -0.125031 0.493860 0.345889 -0.412728 0.631118 0.558307
4.800000 0.979820 -0.120859 0.810137 -0.565210 -0.114143 -0.399518 0.712667
4.900000 -0.007814 -0.167994 0.944347 0.425965 0.117827 0.896850 -0.018175
5.000000 0.192205 -0.093271 1.775201 0.104682 0.028935 -0.040711 0.993251
5.100000 1.134457 -0.226856 1.625990 -0.391524 -0.315187 0.861840 -0.067809
5.200000 2.284119 -0.233184 1.454225 0.229794 0.118171 -0.770968 0.582098
5.300000 3.134595 -0.407240 1.325383 -0.023174 -0.452692 0.813993 0.363248
5.400000 4.207984 -0.305487 1.272603 -0.188560 -0.118093 0.971600 -0.080581
5.500000 4.163843 0.722654 1.201588 -0.231108 -0.576546 0.427300 0.656962
5.600000 3.243159 0.652991 1.297619 0.440952 0.426896 -0.456611 0.644071
5.700000 2.270788 0.731151 1.602923 0.613087 0.233671 0.732858 0.180112
5.800000 1.291908 0.816754 1.861021 -0.156303 -0.388406 0.223393 0.880231
5.900000 0.255672 0.874295 1.934922 -0.153688 0.263185 0.378992 0.873773
6.000000 0.280525 1.818326 2.183653 -0.119300 0.072875 0.989628 0.033054
6.100000 1.247365 1.794980 2.003816 0.064185 0.033591 0.076007 0.994472
6.200000 2.251993 1.690602 1.744000 0.138325 0.674071 0.598538 0.410179
6.300000 3.243580 1.701104 1.480390 -0.194332 -0.506079 0.826609 0.151118
6.400000 4.139380 1.749572 1.327006 -0.062109 -0.109156 0.983579 -0.129610
6.500000 4.193815 2.766748 1.519294 -0.364221 -0.501442 0.751766 -0.225272
6.600000 3.213699 2.674211 1.686698 0.211519 -0.057157 0.882768 -0.415587
6.700000 2.329838 2.648181 1.952770 0.688571 -0.129971 0.240397 0.671704
6.800000 1.313316 2.787625 2.188343 0.331785 0.385851 -0.089114 0.856211
6.900000 0.360580 2.748833 2.422470 -0.039212 -0.006126 0.307658 0.950669
7.000000 0.373630 3.715006 2.508050 -0.055868 -0.220710 0.950089 0.213299
7.100000 1.408507 3.707629 2.225985 0.476095 -0.233411 0.772405 0.349633
7.200000 2.265139 3.756155 2.101688 0.088266 0.099528 0.954513 0.266850
7.300000 3.327346 3.726008 1.940078 -0.257714 -0.315560 -0.017172 0.913077
7.400000 4.352289 3.812773 1.782931 -0.053856 0.331363 0.928855 0.156608
7.500000 4.406002 3.611943 2.750419 0.082758 0.023876 0.004072 0.996275
7.600000 3.449760 3.549872 2.863343 0.009046 -0.628478 0.652070 0.423955
7.700000 2.540854 3.662487 3.069372 -0.523760 -0.028221 -0.501366 0.688121
7.800000 1.581609 3.647400 3.298531 0.389056 0.508290 0.765931 -0.060219
7.900000 0.551142 3.695583 3.518830 -0.390196 0.353951 -0.226689 0.819193
8.000000 0.529075 2.606512 3.260116 0.391352 -0.263203 0.370468 0.800201
8.100000 1.461293 2.651180 3.073008 -0.120497 -0.545604 0.827469 0.055606
8.200000 2.485048 2.581869 2.934965 0.032288 -0.141555 -0.363326 0.920279
8.300000 3.433397 2.502171 2.689408 -0.203031 0.271457 -0.428737 0.837421
8.400000 4.401174 2.494559 2.452694 -0.408297 0.564310 0.080716 0.712975
8.500000 4.401633 1.475750 2.263060 -0.077450 -0.099820 0.964543 -0.231721
8.600000 3.330523 1.505857 2.584952 0.761116 0.196197 0.182914 0.590552
8.700000 2.399803 1.514272 2.742515 -0.204039 -0.557890 0.740907 -0.313343
8.800000 1.458922 1.605119 2.832776 0.578663 -0.151338 -0.601359 0.529730
8.900000 0.474369 1.649560 3.112186 0.247852 0.643140 0.241512 0.683091
9.000000 0.356703 0.672040 2.970621 -0.131264 0.464072 0.057208 0.874148
9.100000 1.378852 0.528593 2.774593 0.574139 0.198289 -0.417504 0.675823
9.200000 2.402129 0.606136 2.546861 -0.241548 0.051637 0.945474 0.212290
9.300000 3.316328 0.556717 2.409572 0.112945 0.535514 0.099761 0.830973
9.400000 4.316747 0.542442 2.134451 0.080410 0.064424 0.928874 0.355776
9.500000 4.220307 -0.580670 2.077627 -0.273977 0.307514 0.896784 0.161712
9.600000 3.297795 -0.431804 2.347668 -0.250410 0.337713 0.851545 -0.313234
9.700000 2.347243 -0.309730 2.485259 0.641098 0.273705 -0.327989 0.637575
9.800000 1.352897 -0.291953 2.646119 -0.019587 -0.243169 0.270152 0.931398
9.900000 0.260399 -0.272110 2.870566 0.319293 0.366942 -0.006902 0.873704
10.000000 0.461950 -0.386662 3.835670 -0.068988 0.072118 -0.059109 0.993250
10.100000 1.583512 -0.529709 3.622988 -0.225038 0.506951 0.110365 0.824729
10.200000 2.501088 -0.615507 3.422070 0.273440 -0.072216 0.598184 0.749794
10.300000 3.407710 -0.649818 3.277060 0.441149 0.363321 -0.415929 0.707381
10.400000 4.257119 -0.557233 3.109186 -0.301570 -0.084079 -0.700668 0.641132
10.500000 4.345816 0.433320 3.164043 -0.122360 0.258600 0.487808 0.824741
10.600000 3.440798 0.377227 3.379817 0.649352 0.260395 0.681471 0.214788
10.700000 2.515927 0.441070 3.557769 0.617077 -0.023094 0.264779 0.740658
10.800000 1.611340 0.386684 3.730337 0.289529 0.227013 -0.386174 0.845877
10.900000 0.539525 0.463985 3.911029 0.125197 -0.478648 -0.612758 0.616238
11.000000 0.663410 1.573623 4.119105 0.313033 0.449668 0.067346 0.833830
11.100000 1.642648 1.488384 3.785038 0.434573 0.560463 -0.159190 0.686794
11.200000 2.607954 1.404474 3.752525 0.494991 0.424353 0.111715 0.749952
11.300000 3.598336 1.360005 3.516079 -0.088212 0.017660 0.983653 -0.155993
11.400000 4.629595 1.472992 3.295495 -0.209890 0.266230 -0.082736 0.937135
11.500000 4.655030 2.474902 3.440518 0.227809 0.039275 0.892714 -0.386810
11.600000 3.646527 2.366154 3.681775 0.361604 0.081009 0.453741 0.810432
11.700000 2.608104 2.366702 3.937219 -0.450804 0.594410 -0.583341 -0.321194
11.800000 1.652592 2.452385 4.054375 -0.468214 0.084514 0.726991 -0.495093
11.900000 0.802747 2.415033 4.232844 -0.458792 -0.158248 -0.368560 0.792863
12.000000 0.829568 3.289849 4.432433 0.048797 -0.263058 0.784073 0.560044
12.100000 1.736915 3.443635 4.269672 -0.002274 -0.118325 -0.761122 0.637721
12.200000 2.697406 3.396477 4.087573 -0.086698 -0.025093 0.771959 0.629232
12.300000 3.597618 3.349129 3.914462 -0.307941 0.023898 0.909073 0.279622
12.400000 4.467822 3.408065 3.706423 -0.536913 0.263328 -0.362934 0.714606
