0.000000 0.003121 -0.008507 0.000000 0.000000 0.000000 0.000125 1.000000
0.100000 0.085880 -0.005437 0.000000 0.000000 0.000000 0.141657 0.989916
0.200000 0.173373 0.024815 0.000000 0.000000 0.000000 0.273759 0.961798
0.300000 0.247241 0.077833 0.000000 0.000000 0.000000 0.380572 0.924751
0.400000 0.310925 0.149407 0.000000 0.000000 0.000000 0.478460 0.878109
0.500000 0.356810 0.234640 0.000000 0.000000 0.000000 0.584861 0.811133
0.600000 0.374310 0.327547 0.000000 0.000000 0.000000 0.676540 0.736406
0.700000 0.419117 0.418109 0.000000 0.000000 0.000000 0.755195 0.655500
0.800000 0.399689 0.537721 0.000000 0.000000 0.000000 0.817964 0.575270
0.900000 0.354421 0.658234 0.000000 0.000000 0.000000 0.861263 0.508160
1.000000 0.293943 0.759419 0.000000 0.000000 0.000000 0.889130 0.457654
1.100000 0.121317 0.964436 0.000000 0.000000 0.000000 0.944525 0.328440
1.200000 -0.001749 1.033948 0.000000 0.000000 0.000000 0.963648 0.267176
1.300000 -0.278109 1.153876 0.000000 0.000000 0.000000 0.988841 0.148975
1.400000 -0.586749 1.249657 0.000000 0.000000 0.000000 0.988924 0.148426
1.500000 -0.889610 1.328796 0.000000 0.000000 0.000000 0.992658 0.120952
1.600000 -1.196618 1.397159 0.000000 0.000000 0.000000 0.993731 0.111799
1.700000 -1.520350 1.471690 0.000000 0.000000 0.000000 0.993421 0.114521
1.800000 -1.799087 1.615469 0.000000 0.000000 0.000000 0.983158 0.182756
1.900000 -1.928683 1.672457 0.000000 0.000000 0.000000 0.989624 0.143684
2.000000 -2.240394 1.758831 0.000000 0.000000 0.000000 0.999682 0.025228
2.100000 -2.567549 1.784052 0.000000 0.000000 0.000000 0.999994 0.003335
2.200000 -2.898324 1.781113 0.000000 0.000000 0.000000 0.999884 0.015229
2.300000 -3.234594 1.802226 0.000000 0.000000 0.000000 0.997550 0.069951
2.400000 -3.566433 1.861001 0.000000 0.000000 0.000000 0.975180 0.221413
2.500000 -3.854664 2.084775 0.000000 0.000000 0.000000 0.934342 0.356378
2.600000 -4.070999 2.310217 0.000000 0.000000 0.000000 0.890244 0.455483
2.700000 -4.224731 2.594422 0.000000 0.000000 0.000000 0.875472 0.483269
2.800000 -4.400658 2.855362 0.000000 0.000000 0.000000 0.866287 0.499546
2.900000 -4.522901 3.095991 0.000000 0.000000 0.000000 0.850767 0.525542
3.000000 -4.606939 3.311453 0.000000 0.000000 0.000000 0.759618 0.650370
3.100000 -4.555370 3.615239 0.000000 0.000000 0.000000 0.389665 0.920957
3.200000 -4.380517 3.680121 0.000000 -0.000000 -0.000000 -0.411456 0.911430
3.300000 -4.377032 3.561929 0.000000 -0.000000 -0.000000 -0.772175 0.635410
3.400000 -4.425789 3.382223 0.000000 -0.000000 -0.000000 -0.781201 0.624279
3.500000 -4.501536 3.084405 0.000000 -0.000000 -0.000000 -0.769575 0.638556
3.600000 -4.556926 2.781332 0.000000 -0.000000 -0.000000 -0.782887 0.622164
3.700000 -4.674510 2.456122 0.000000 -0.000000 -0.000000 -0.890175 0.455618
3.800000 -4.939854 2.205906 0.000000 -0.000000 -0.000000 -0.974619 0.223869
3.900000 -5.257812 2.113099 0.000000 -0.000000 -0.000000 -0.999583 0.028874
4.000000 -5.606934 2.189572 0.000000 0.000000 0.000000 0.994495 0.104781
4.100000 -5.781895 2.224115 0.000000 0.000000 0.000000 0.995200 0.097860
4.200000 -6.016460 2.218386 0.000000 0.000000 0.000000 0.999346 0.036158
4.300000 -6.188210 2.232295 0.000000 -0.000000 -0.000000 -0.995990 0.089461
4.400000 -6.358804 2.200121 0.000000 -0.000000 -0.000000 -0.984709 0.174206
4.500000 -6.522216 2.134516 0.000000 -0.000000 -0.000000 -0.959449 0.281883
4.600000 -6.654752 2.036941 0.000000 -0.000000 -0.000000 -0.918256 0.395988
4.700000 -6.761042 1.910310 0.000000 -0.000000 -0.000000 -0.872418 0.488760
4.800000 -6.934295 1.613605 0.000000 -0.000000 -0.000000 -0.851551 0.524272
4.900000 -7.113416 1.326703 0.000000 -0.000000 -0.000000 -0.958222 0.286026
5.000000 -7.411094 1.254590 0.000000 -0.000000 -0.000000 -0.999865 0.016404
5.100000 -7.654022 1.257291 0.000000 0.000000 0.000000 0.996084 0.088416
5.200000 -7.767030 1.272972 0.000000 0.000000 0.000000 0.998166 0.060528
5.300000 -7.867436 1.274163 0.000000 -0.000000 -0.000000 -0.999497 0.031722
5.400000 -8.002676 1.307491 0.000000 -0.000000 -0.000000 -0.982119 0.188259
5.500000 -8.100988 1.283386 0.000000 -0.000000 -0.000000 -0.942774 0.333433
5.600000 -8.167008 1.196856 0.000000 -0.000000 -0.000000 -0.883081 0.469220
5.700000 -8.227599 1.110599 0.000000 -0.000000 -0.000000 -0.807978 0.589213
5.800000 -8.261089 1.004590 0.000000 -0.000000 -0.000000 -0.703980 0.710220
5.900000 -8.255651 0.897963 0.000000 -0.000000 -0.000000 -0.596898 0.802317
6.000000 -8.216262 0.794535 0.000000 -0.000000 -0.000000 -0.482705 0.875783
6.100000 -8.140549 0.695528 0.000000 -0.000000 -0.000000 -0.346654 0.937993
6.200000 -7.969673 0.536304 0.000000 -0.000000 -0.000000 -0.226779 0.973946
6.300000 -7.670994 0.433296 0.000000 -0.000000 -0.000000 -0.244200 0.969725
6.400000 -7.369790 0.211480 0.000000 -0.000000 -0.000000 -0.312640 0.949872
6.500000 -7.102175 0.012749 0.000000 -0.000000 -0.000000 -0.334169 0.942513
6.600000 -6.839324 -0.232935 0.000000 -0.000000 -0.000000 -0.307569 0.951526
6.700000 -6.649375 -0.409632 0.000000 -0.000000 -0.000000 -0.314472 0.949267
6.800000 -6.460575 -0.531778 0.000000 -0.000000 -0.000000 -0.395554 0.918443
6.900000 -6.296247 -0.769774 0.000000 -0.000000 -0.000000 -0.614504 0.788913
7.000000 -6.312319 -1.010749 0.000000 -0.000000 -0.000000 -0.807067 0.590460
7.100000 -6.433057 -1.248327 0.000000 -0.000000 -0.000000 -0.867586 0.497287
7.200000 -6.576850 -1.487474 0.000000 -0.000000 -0.000000 -0.872361 0.488862
7.300000 -6.642002 -1.606066 0.000000 -0.000000 -0.000000 -0.850150 0.526541
7.400000 -6.704507 -1.741510 0.000000 -0.000000 -0.000000 -0.795964 0.605344
7.500000 -6.776679 -1.875988 0.000000 -0.000000 -0.000000 -0.724781 0.688979
7.600000 -6.758806 -2.009474 0.000000 -0.000000 -0.000000 -0.652491 0.757796
7.700000 -6.725019 -2.148616 0.000000 -0.000000 -0.000000 -0.576143 0.817349
7.800000 -6.624142 -2.404631 0.000000 -0.000000 -0.000000 -0.532375 0.846509
7.900000 -6.528254 -2.663187 0.000000 -0.000000 -0.000000 -0.655641 0.755072
8.000000 -6.525002 -2.914864 0.000000 -0.000000 -0.000000 -0.790197 0.612853
8.100000 -6.607170 -3.179903 0.000000 -0.000000 -0.000000 -0.864184 0.503176
8.200000 -6.783771 -3.366092 0.000000 -0.000000 -0.000000 -0.988685 0.150008
8.300000 -7.093201 -3.404133 0.000000 0.000000 0.000000 0.994814 0.101713
8.400000 -7.350376 -3.345270 0.000000 0.000000 0.000000 0.989686 0.143252
8.500000 -7.506764 -3.294305 0.000000 0.000000 0.000000 0.986738 0.162322
8.600000 -7.573963 -3.269177 0.000000 0.000000 0.000000 0.994172 0.107809
8.700000 -7.629746 -3.204506 0.000000 0.000000 0.000000 0.999937 0.011218
8.800000 -7.685661 -3.253195 0.000000 -0.000000 -0.000000 -0.994914 0.100731
8.900000 -7.724940 -3.261986 0.000000 -0.000000 -0.000000 -0.980403 0.197001
9.000000 -7.799730 -3.268875 0.000000 -0.000000 -0.000000 -0.954989 0.296640
9.100000 -7.810423 -3.276814 0.000000 -0.000000 -0.000000 -0.927154 0.374681
9.200000 -7.814961 -3.281619 0.000000 -0.000000 -0.000000 -0.892697 0.450658
9.300000 -7.815154 -3.281773 0.000000 -0.000000 -0.000000 -0.843270 0.537490
9.400000 -7.815145 -3.281673 0.000000 -0.000000 -0.000000 -0.772628 0.634859
9.500000 -7.864890 -3.276692 0.000000 -0.000000 -0.000000 -0.674280 0.738476
9.600000 -7.864783 -3.277219 0.000000 -0.000000 -0.000000 -0.570111 0.821568
9.700000 -7.864566 -3.277661 0.000000 -0.000000 -0.000000 -0.482373 0.875966
9.800000 -7.864563 -3.277469 0.000000 -0.000000 -0.000000 -0.393431 0.919354
9.900000 -7.864600 -3.277245 0.000000 -0.000000 -0.000000 -0.294840 0.955547
10.000000 -7.864352 -3.277203 0.000000 -0.000000 -0.000000 -0.197712 0.980260
10.100000 -7.863529 -3.277261 0.000000 -0.000000 -0.000000 -0.082589 0.996584
10.200000 -7.855774 -3.276587 0.000000 0.000000 0.000000 0.071832 0.997417
10.300000 -7.832718 -3.268850 0.000000 0.000000 0.000000 0.214099 0.976812
10.400000 -7.850395 -3.291573 0.000000 0.000000 0.000000 0.303360 0.952876
10.500000 -7.697161 -3.171425 0.000000 0.000000 0.000000 0.472996 0.881065
10.600000 -7.579074 -2.944512 0.000000 0.000000 0.000000 0.403350 0.915046
10.700000 -7.340039 -2.726732 0.000000 0.000000 0.000000 0.352015 0.935994
10.800000 -7.256175 -2.654266 0.000000 0.000000 0.000000 0.368753 0.929527
10.900000 -7.073446 -2.468143 0.000000 0.000000 0.000000 0.478833 0.877906
11.000000 -6.926436 -2.266784 0.000000 0.000000 0.000000 0.513615 0.858021
11.100000 -6.787920 -1.984991 0.000000 0.000000 0.000000 0.546689 0.837335
11.200000 -6.656821 -1.658446 0.000000 0.000000 0.000000 0.509710 0.860347
11.300000 -6.431089 -1.401605 0.000000 0.000000 0.000000 0.357237 0.934014
11.400000 -6.183649 -1.181996 0.000000 0.000000 0.000000 0.273386 0.961904
11.500000 -5.858475 -1.040369 0.000000 0.000000 0.000000 0.368951 0.929449
11.600000 -5.740003 -0.921961 0.000000 0.000000 0.000000 0.454540 0.890726
11.700000 -5.640494 -0.772366 0.000000 0.000000 0.000000 0.523324 0.852134
11.800000 -5.568206 -0.609027 0.000000 0.000000 0.000000 0.580270 0.814424
11.900000 -5.479810 -0.241642 0.000000 0.000000 0.000000 0.659362 0.751826
12.000000 -5.447473 0.132968 0.000000 0.000000 0.000000 0.674369 0.738394
12.100000 -5.412555 0.526382 0.000000 0.000000 0.000000 0.658040 0.752983
12.200000 -5.327187 0.916912 0.000000 0.000000 0.000000 0.539733 0.841836
12.300000 -5.133650 1.246047 0.000000 0.000000 0.000000 0.396627 0.917980
12.400000 -4.804833 1.503087 0.000000 0.000000 0.000000 0.188731 0.982029
12.500000 -4.417212 1.550477 0.000000 -0.000000 -0.000000 -0.083099 0.996541
12.600000 -4.096972 1.443478 0.000000 -0.000000 -0.000000 -0.209504 0.977808
12.700000 -3.936180 1.378808 0.000000 -0.000000 -0.000000 -0.153460 0.988155
12.800000 -3.759217 1.325133 0.000000 -0.000000 -0.000000 -0.050712 0.998713
12.900000 -3.565941 1.308239 0.000000 0.000000 0.000000 0.043380 0.999059
13.000000 -3.199460 1.332836 0.000000 0.000000 0.000000 0.160967 0.986960
13.100000 -2.831353 1.471309 0.000000 0.000000 0.000000 0.196323 0.980539
13.200000 -2.465129 1.608252 0.000000 0.000000 0.000000 0.177193 0.984176
13.300000 -2.077365 1.708129 0.000000 0.000000 0.000000 0.051861 0.998654
13.400000 -1.667671 1.652577 0.000000 -0.000000 -0.000000 -0.127272 0.991868
13.500000 -1.269441 1.520780 0.000000 -0.000000 -0.000000 -0.211459 0.977387
13.600000 -0.895344 1.289527 0.000000 -0.000000 -0.000000 -0.246907 0.969039
13.700000 -0.521921 1.080268 0.000000 -0.000000 -0.000000 -0.241182 0.970480
13.800000 -0.141397 0.890031 0.000000 -0.000000 -0.000000 -0.205642 0.978627
13.900000 0.282778 0.720220 0.000000 -0.000000 -0.000000 -0.199601 0.979877
14.000000 0.660940 0.560857 0.000000 -0.000000 -0.000000 -0.192487 0.981299
14.100000 1.057673 0.402873 0.000000 -0.000000 -0.000000 -0.174178 0.984714
14.200000 1.448136 0.219727 0.000000 -0.000000 -0.000000 -0.167184 0.985926
14.300000 1.827605 0.066538 0.000000 -0.000000 -0.000000 -0.188709 0.982033
14.400000 2.200310 -0.099825 0.000000 -0.000000 -0.000000 -0.216949 0.976183
14.500000 2.543353 -0.274194 0.000000 -0.000000 -0.000000 -0.297419 0.954747
14.600000 2.854401 -0.512245 0.000000 -0.000000 -0.000000 -0.408466 0.912773
14.700000 3.136617 -0.823542 0.000000 -0.000000 -0.000000 -0.523197 0.852212
14.800000 3.250800 -1.170101 0.000000 -0.000000 -0.000000 -0.656541 0.754290
14.900000 3.264329 -1.530030 0.000000 -0.000000 -0.000000 -0.804403 0.594084
15.000000 3.114530 -1.871322 0.000000 -0.000000 -0.000000 -0.874297 0.485391
15.100000 2.886100 -2.191908 0.000000 -0.000000 -0.000000 -0.904832 0.425768
15.200000 2.653791 -2.481060 0.000000 -0.000000 -0.000000 -0.905497 0.424354
15.300000 2.405135 -2.801919 0.000000 -0.000000 -0.000000 -0.872535 0.488551
15.400000 2.308044 -2.940669 0.000000 -0.000000 -0.000000 -0.841064 0.540936
15.500000 1.981017 -3.727266 0.000000 -0.000000 -0.000000 -0.536129 0.844136
15.600000 2.056466 -3.866822 0.000000 -0.000000 -0.000000 -0.487104 0.873344
15.700000 2.153221 -4.002037 0.000000 -0.000000 -0.000000 -0.428026 0.903766
15.800000 2.259597 -4.111285 0.000000 -0.000000 -0.000000 -0.359881 0.932998
15.900000 2.369988 -4.247119 0.000000 -0.000000 -0.000000 -0.276348 0.961058
16.000000 2.506794 -4.311389 0.000000 -0.000000 -0.000000 -0.187632 0.982239
16.100000 2.643697 -4.347928 0.000000 -0.000000 -0.000000 -0.081184 0.996699
16.200000 2.770534 -4.367816 0.000000 0.000000 0.000000 0.027400 0.999625
16.300000 2.901272 -4.368356 0.000000 0.000000 0.000000 0.094603 0.995515
16.400000 3.068645 -4.352677 0.000000 0.000000 0.000000 0.182237 0.983255
16.500000 3.168549 -4.315281 0.000000 0.000000 0.000000 0.275154 0.961400
16.600000 3.252289 -4.264357 0.000000 0.000000 0.000000 0.367049 0.930201
16.700000 3.303517 -4.216105 0.000000 0.000000 0.000000 0.442099 0.896966
16.800000 3.357509 -4.148272 0.000000 0.000000 0.000000 0.520152 0.854074
16.900000 3.386895 -4.090985 0.000000 0.000000 0.000000 0.615676 0.787999
17.000000 3.448933 -4.052176 0.000000 0.000000 0.000000 0.702138 0.712041
17.100000 3.458381 -3.972553 0.000000 0.000000 0.000000 0.778047 0.628206
17.200000 3.461447 -3.959668 0.000000 0.000000 0.000000 0.855678 0.517508
17.300000 3.467926 -3.958401 0.000000 0.000000 0.000000 0.911027 0.412347
17.400000 3.474350 -3.957950 0.000000 0.000000 0.000000 0.955195 0.295977
17.500000 3.477417 -3.955622 0.000000 0.000000 0.000000 0.981875 0.189529
17.600000 3.479294 -3.953812 0.000000 0.000000 0.000000 0.996703 0.081141
17.700000 3.475703 -3.903529 0.000000 -0.000000 -0.000000 -0.998027 0.062786
17.800000 3.456356 -3.910698 0.000000 -0.000000 -0.000000 -0.979838 0.199793
17.900000 3.419958 -3.935053 0.000000 -0.000000 -0.000000 -0.951120 0.308820
18.000000 3.257926 -4.072598 0.000000 -0.000000 -0.000000 -0.938099 0.346367
18.100000 3.105344 -4.191651 0.000000 -0.000000 -0.000000 -0.981674 0.190569
18.200000 2.874573 -4.254463 0.000000 0.000000 0.000000 0.997606 0.069158
18.300000 2.632862 -4.186060 0.000000 0.000000 0.000000 0.970751 0.240090
18.400000 2.415224 -4.012951 0.000000 0.000000 0.000000 0.911242 0.411872
18.500000 2.235553 -3.749019 0.000000 0.000000 0.000000 0.866690 0.498847
18.600000 2.108623 -3.456142 0.000000 0.000000 0.000000 0.752348 0.658766
18.700000 2.127967 -3.145132 0.000000 0.000000 0.000000 0.618677 0.785645
18.800000 2.253890 -2.846693 0.000000 0.000000 0.000000 0.490303 0.871552
18.900000 2.451920 -2.567777 0.000000 0.000000 0.000000 0.433430 0.901187
19.000000 2.687114 -2.273274 0.000000 0.000000 0.000000 0.426233 0.904614
19.100000 2.938774 -1.979501 0.000000 0.000000 0.000000 0.397493 0.917605
19.200000 3.198311 -1.722307 0.000000 0.000000 0.000000 0.337299 0.941397
19.300000 3.482456 -1.490951 0.000000 0.000000 0.000000 0.320712 0.947177
19.400000 3.789739 -1.278609 0.000000 0.000000 0.000000 0.263745 0.964593
19.500000 4.153202 -1.115609 0.000000 0.000000 0.000000 0.164775 0.986331
19.600000 4.507743 -1.011403 0.000000 0.000000 0.000000 0.032092 0.999485
19.700000 4.854875 -1.016547 0.000000 -0.000000 -0.000000 -0.102001 0.994784
19.800000 5.157158 -1.168070 0.000000 -0.000000 -0.000000 -0.331728 0.943375
19.900000 5.358591 -1.382766 0.000000 -0.000000 -0.000000 -0.451059 0.892494
20.000000 5.589665 -1.708239 0.000000 -0.000000 -0.000000 -0.470029 0.882651
20.100000 5.772837 -2.022760 0.000000 -0.000000 -0.000000 -0.497483 0.867474
20.200000 5.946818 -2.382220 0.000000 -0.000000 -0.000000 -0.528224 0.849105
20.300000 6.117110 -2.706304 0.000000 -0.000000 -0.000000 -0.531140 0.847284
20.400000 6.271391 -3.083450 0.000000 -0.000000 -0.000000 -0.599360 0.800480
20.500000 6.387599 -3.492341 0.000000 -0.000000 -0.000000 -0.698719 0.715396
20.600000 6.316917 -3.898591 0.000000 -0.000000 -0.000000 -0.775851 0.630917
20.700000 6.181914 -4.295866 0.000000 -0.000000 -0.000000 -0.846946 0.531679
20.800000 5.990931 -4.670124 0.000000 -0.000000 -0.000000 -0.908596 0.417677
20.900000 5.707648 -4.955440 0.000000 -0.000000 -0.000000 -0.925297 0.379243
21.000000 5.368784 -5.262960 0.000000 -0.000000 -0.000000 -0.934116 0.356970
21.100000 4.971826 -5.591733 0.000000 -0.000000 -0.000000 -0.932979 0.359930
21.200000 4.779185 -5.727277 0.000000 -0.000000 -0.000000 -0.932573 0.360981
21.300000 4.440521 -6.032155 0.000000 -0.000000 -0.000000 -0.929160 0.369679
21.400000 4.057792 -6.385145 0.000000 -0.000000 -0.000000 -0.924816 0.380416
21.500000 3.907004 -6.558327 0.000000 -0.000000 -0.000000 -0.926252 0.376904
21.600000 3.546496 -6.901515 0.000000 -0.000000 -0.000000 -0.924102 0.382147
21.700000 3.203216 -7.246445 0.000000 -0.000000 -0.000000 -0.922070 0.387022
21.800000 2.866450 -7.590094 0.000000 -0.000000 -0.000000 -0.923012 0.384772
21.900000 2.518204 -7.946304 0.000000 -0.000000 -0.000000 -0.916327 0.400430
22.000000 2.117957 -8.318910 0.000000 -0.000000 -0.000000 -0.917059 0.398752
22.100000 1.769876 -8.690265 0.000000 -0.000000 -0.000000 -0.918897 0.394498
22.200000 1.429748 -9.050581 0.000000 -0.000000 -0.000000 -0.915687 0.401893
22.300000 1.085339 -9.426431 0.000000 -0.000000 -0.000000 -0.915691 0.401882
22.400000 0.746151 -9.796705 0.000000 -0.000000 -0.000000 -0.913727 0.406328
22.500000 0.373481 -10.157414 0.000000 -0.000000 -0.000000 -0.899111 0.437721
22.600000 0.074155 -10.540972 0.000000 -0.000000 -0.000000 -0.897453 0.441111
22.700000 -0.240738 -10.949080 0.000000 -0.000000 -0.000000 -0.893740 0.448584
22.800000 -0.530437 -11.338088 0.000000 -0.000000 -0.000000 -0.895110 0.445846
22.900000 -0.821231 -11.722973 0.000000 -0.000000 -0.000000 -0.896223 0.443604
23.000000 -1.153257 -12.085971 0.000000 -0.000000 -0.000000 -0.894472 0.447125
23.100000 -1.436131 -12.442226 0.000000 -0.000000 -0.000000 -0.904318 0.426860
23.200000 -1.760345 -12.752513 0.000000 -0.000000 -0.000000 -0.948082 0.318027
23.300000 -2.140714 -13.006270 0.000000 -0.000000 -0.000000 -0.971732 0.236085
23.400000 -2.480520 -13.209751 0.000000 -0.000000 -0.000000 -0.940721 0.339182
23.500000 -2.798517 -13.462763 0.000000 -0.000000 -0.000000 -0.895510 0.445042
23.600000 -2.907014 -13.626246 0.000000 -0.000000 -0.000000 -0.865512 0.500888
23.700000 -2.995804 -13.812360 0.000000 -0.000000 -0.000000 -0.833949 0.551842
23.800000 -3.153749 -14.215872 0.000000 -0.000000 -0.000000 -0.790646 0.612274
23.900000 -3.260843 -14.526750 0.000000 -0.000000 -0.000000 -0.849201 0.528069
24.000000 -3.466177 -14.846887 0.000000 -0.000000 -0.000000 -0.923491 0.383619
24.100000 -3.759479 -15.133068 0.000000 -0.000000 -0.000000 -0.964035 0.265775
24.200000 -3.952032 -15.173069 0.000000 -0.000000 -0.000000 -0.953146 0.302510
24.300000 -4.094337 -15.268043 0.000000 -0.000000 -0.000000 -0.933641 0.358210
24.400000 -4.232271 -15.431351 0.000000 -0.000000 -0.000000 -0.893557 0.448950
24.500000 -4.325179 -15.558264 0.000000 -0.000000 -0.000000 -0.823938 0.566680
24.600000 -4.370616 -15.707540 0.000000 -0.000000 -0.000000 -0.747766 0.663962
24.700000 -4.382637 -15.848208 0.000000 -0.000000 -0.000000 -0.648194 0.761475
24.800000 -4.345986 -15.975935 0.000000 -0.000000 -0.000000 -0.504566 0.863373
24.900000 -4.305516 -16.094616 0.000000 -0.000000 -0.000000 -0.344709 0.938710
25.000000 -4.203982 -16.175498 0.000000 -0.000000 -0.000000 -0.167694 0.985839
25.100000 -4.090653 -16.237835 0.000000 0.000000 0.000000 0.025915 0.999664
25.200000 -3.965485 -16.204939 0.000000 0.000000 0.000000 0.179795 0.983704
25.300000 -3.750715 -16.088022 0.000000 0.000000 0.000000 0.356339 0.934357
25.400000 -3.508377 -15.841699 0.000000 0.000000 0.000000 0.469049 0.883172
25.500000 -3.290803 -15.557277 0.000000 0.000000 0.000000 0.495253 0.868749
25.600000 -3.083647 -15.208834 0.000000 0.000000 0.000000 0.490001 0.871722
25.700000 -2.843504 -14.813903 0.000000 0.000000 0.000000 0.488007 0.872840
25.800000 -2.590287 -14.403086 0.000000 0.000000 0.000000 0.480966 0.876739
25.900000 -2.318910 -13.977752 0.000000 0.000000 0.000000 0.476225 0.879323
26.000000 -2.037455 -13.546978 0.000000 0.000000 0.000000 0.471546 0.881841
26.100000 -1.761061 -13.133630 0.000000 0.000000 0.000000 0.465868 0.884854
26.200000 -1.472268 -12.756024 0.000000 0.000000 0.000000 0.457271 0.889327
26.300000 -1.113065 -12.287640 0.000000 0.000000 0.000000 0.447711 0.894178
26.400000 -0.802185 -11.872568 0.000000 0.000000 0.000000 0.446983 0.894542
26.500000 -0.498310 -11.466280 0.000000 0.000000 0.000000 0.443829 0.896111
26.600000 -0.156318 -11.052431 0.000000 0.000000 0.000000 0.487420 0.873168
26.700000 0.106548 -10.624077 0.000000 0.000000 0.000000 0.497031 0.867733
26.800000 0.351281 -10.201819 0.000000 0.000000 0.000000 0.506633 0.862162
26.900000 0.598950 -9.774072 0.000000 0.000000 0.000000 0.487873 0.872915
27.000000 0.895748 -9.401537 0.000000 0.000000 0.000000 0.380607 0.924737
27.100000 1.285629 -9.098575 0.000000 0.000000 0.000000 0.234141 0.972203
27.200000 1.670853 -8.931956 0.000000 0.000000 0.000000 0.055480 0.998460
27.300000 2.181249 -8.976304 0.000000 -0.000000 -0.000000 -0.097776 0.995208
27.400000 2.602841 -9.086412 0.000000 -0.000000 -0.000000 -0.149206 0.988806
27.500000 3.011315 -9.244908 0.000000 -0.000000 -0.000000 -0.197175 0.980368
27.600000 3.411118 -9.434586 0.000000 -0.000000 -0.000000 -0.254912 0.966964
27.700000 3.797496 -9.711118 0.000000 -0.000000 -0.000000 -0.286843 0.957978
27.800000 4.173596 -9.988840 0.000000 -0.000000 -0.000000 -0.350394 0.936603
27.900000 4.470876 -10.299974 0.000000 -0.000000 -0.000000 -0.382971 0.923760
28.000000 4.800901 -10.657125 0.000000 -0.000000 -0.000000 -0.406825 0.913506
28.100000 5.101737 -10.995803 0.000000 -0.000000 -0.000000 -0.407245 0.913319
28.200000 5.398308 -11.332317 0.000000 -0.000000 -0.000000 -0.416521 0.909126
28.300000 5.683058 -11.729191 0.000000 -0.000000 -0.000000 -0.424136 0.905599
28.400000 5.963136 -12.074792 0.000000 -0.000000 -0.000000 -0.431710 0.902013
28.500000 6.240901 -12.423668 0.000000 -0.000000 -0.000000 -0.428823 0.903388
28.600000 6.517676 -12.764826 0.000000 -0.000000 -0.000000 -0.419039 0.907968
28.700000 6.791597 -13.090070 0.000000 -0.000000 -0.000000 -0.419533 0.907740
28.800000 7.067937 -13.419938 0.000000 -0.000000 -0.000000 -0.416637 0.909073
28.900000 7.577650 -14.086180 0.000000 -0.000000 -0.000000 -0.432436 0.901665
29.000000 7.826789 -14.415949 0.000000 -0.000000 -0.000000 -0.468226 0.883609
29.100000 8.042224 -14.754348 0.000000 -0.000000 -0.000000 -0.493891 0.869524
29.200000 8.221590 -15.089719 0.000000 -0.000000 -0.000000 -0.526744 0.850024
29.300000 8.395098 -15.448726 0.000000 -0.000000 -0.000000 -0.611740 0.791059
29.400000 8.475472 -15.838034 0.000000 -0.000000 -0.000000 -0.615944 0.787790
29.500000 8.555601 -16.159045 0.000000 -0.000000 -0.000000 -0.606438 0.795130
29.600000 8.657845 -16.469354 0.000000 -0.000000 -0.000000 -0.559261 0.828992
29.700000 8.750198 -16.805735 0.000000 -0.000000 -0.000000 -0.486364 0.873756
29.800000 8.977827 -17.037991 0.000000 -0.000000 -0.000000 -0.441267 0.897376
29.900000 9.184217 -17.284219 0.000000 -0.000000 -0.000000 -0.364421 0.931234
30.000000 9.445561 -17.496347 0.000000 -0.000000 -0.000000 -0.266332 0.963881
30.100000 9.599946 -17.578466 0.000000 -0.000000 -0.000000 -0.201333 0.979523
30.200000 9.770810 -17.694518 0.000000 -0.000000 -0.000000 -0.144037 0.989572
30.300000 10.106007 -17.789867 0.000000 -0.000000 -0.000000 -0.078684 0.996900
30.400000 10.499508 -17.828615 0.000000 0.000000 0.000000 0.034024 0.999421
30.500000 10.899399 -17.778129 0.000000 0.000000 0.000000 0.130515 0.991446
30.600000 11.284812 -17.672294 0.000000 0.000000 0.000000 0.146418 0.989223
30.700000 11.673127 -17.587470 0.000000 0.000000 0.000000 0.185494 0.982645
30.800000 12.065085 -17.427506 0.000000 0.000000 0.000000 0.246052 0.969257
30.900000 12.422400 -17.225379 0.000000 0.000000 0.000000 0.308214 0.951317
31.000000 12.752684 -16.967335 0.000000 0.000000 0.000000 0.347135 0.937815
31.100000 13.069215 -16.688649 0.000000 0.000000 0.000000 0.369666 0.929165
31.200000 13.412628 -16.425195 0.000000 0.000000 0.000000 0.371982 0.928240
31.300000 13.579573 -16.256451 0.000000 0.000000 0.000000 0.372464 0.928047
31.400000 13.928808 -15.974256 0.000000 0.000000 0.000000 0.384607 0.923080
31.500000 14.173752 -15.713546 0.000000 0.000000 0.000000 0.385119 0.922867
31.600000 14.477892 -15.404216 0.000000 0.000000 0.000000 0.393311 0.919405
31.700000 14.802127 -15.093867 0.000000 0.000000 0.000000 0.428182 0.903693
31.800000 15.077119 -14.757401 0.000000 0.000000 0.000000 0.428271 0.903650
31.900000 15.402146 -14.407754 0.000000 0.000000 0.000000 0.433003 0.901392
32.000000 15.664231 -14.079326 0.000000 0.000000 0.000000 0.432158 0.901798
32.100000 15.932925 -13.746793 0.000000 0.000000 0.000000 0.424453 0.905450
32.200000 16.215095 -13.443767 0.000000 0.000000 0.000000 0.390574 0.920572
32.300000 16.514793 -13.164798 0.000000 0.000000 0.000000 0.378280 0.925691
32.400000 16.852921 -12.860827 0.000000 0.000000 0.000000 0.333398 0.942786
32.500000 17.274863 -12.570455 0.000000 0.000000 0.000000 0.332811 0.942994
32.600000 17.589328 -12.309799 0.000000 0.000000 0.000000 0.333586 0.942720
32.700000 17.996778 -12.020428 0.000000 0.000000 0.000000 0.338620 0.940923
32.800000 18.356611 -11.726604 0.000000 0.000000 0.000000 0.337447 0.941345
32.900000 18.772291 -11.389682 0.000000 0.000000 0.000000 0.344262 0.938874
33.000000 19.061069 -11.141904 0.000000 0.000000 0.000000 0.346214 0.938156
33.100000 19.461798 -10.830378 0.000000 0.000000 0.000000 0.371832 0.928300
33.200000 19.811562 -10.497230 0.000000 0.000000 0.000000 0.386232 0.922402
33.300000 20.142928 -10.162034 0.000000 0.000000 0.000000 0.384901 0.922958
33.400000 20.485638 -9.859506 0.000000 0.000000 0.000000 0.383400 0.923583
33.500000 20.838629 -9.500784 0.000000 0.000000 0.000000 0.388709 0.921360
33.600000 21.173005 -9.162925 0.000000 0.000000 0.000000 0.369909 0.929068
33.700000 21.587961 -8.835138 0.000000 0.000000 0.000000 0.336367 0.941731
33.800000 21.766523 -8.687684 0.000000 0.000000 0.000000 0.333022 0.942919
33.900000 22.118179 -8.406713 0.000000 0.000000 0.000000 0.331444 0.943475
34.000000 22.529464 -8.081384 0.000000 0.000000 0.000000 0.323805 0.946124
34.100000 22.692203 -8.001117 0.000000 0.000000 0.000000 0.324702 0.945816
34.200000 23.092404 -7.690598 0.000000 0.000000 0.000000 0.325568 0.945519
34.300000 23.548374 -7.334492 0.000000 0.000000 0.000000 0.321678 0.946849
34.400000 23.925618 -7.073096 0.000000 0.000000 0.000000 0.354246 0.935152
34.500000 24.304756 -6.736027 0.000000 0.000000 0.000000 0.356029 0.934475
34.600000 24.740262 -6.344524 0.000000 0.000000 0.000000 0.366906 0.930258
34.700000 25.106644 -6.003790 0.000000 0.000000 0.000000 0.371229 0.928541
34.800000 25.475480 -5.655679 0.000000 0.000000 0.000000 0.367883 0.929872
34.900000 25.843278 -5.315151 0.000000 0.000000 0.000000 0.350843 0.936434
35.000000 26.222072 -4.988844 0.000000 0.000000 0.000000 0.337744 0.941238
35.100000 26.666041 -4.675336 0.000000 0.000000 0.000000 0.306696 0.951807
35.200000 27.079954 -4.380466 0.000000 0.000000 0.000000 0.299478 0.954103
35.300000 27.492373 -4.104699 0.000000 0.000000 0.000000 0.271543 0.962426
35.400000 27.969176 -3.849929 0.000000 0.000000 0.000000 0.270745 0.962651
35.500000 28.401451 -3.586302 0.000000 0.000000 0.000000 0.270584 0.962696
35.600000 28.815503 -3.334298 0.000000 0.000000 0.000000 0.266130 0.963937
35.700000 29.230560 -3.076566 0.000000 0.000000 0.000000 0.287628 0.957742
35.800000 29.591631 -2.818459 0.000000 0.000000 0.000000 0.356311 0.934367
35.900000 29.945114 -2.489055 0.000000 0.000000 0.000000 0.461292 0.887248
36.000000 30.080744 -2.304738 0.000000 0.000000 0.000000 0.535610 0.844466
36.100000 30.216354 -2.102491 0.000000 0.000000 0.000000 0.622046 0.782981
36.200000 30.262281 -1.866575 0.000000 0.000000 0.000000 0.696678 0.717384
36.300000 30.263133 -1.646476 0.000000 0.000000 0.000000 0.760051 0.649863
36.400000 30.271635 -1.448529 0.000000 0.000000 0.000000 0.811833 0.583890
36.500000 30.189464 -1.238630 0.000000 0.000000 0.000000 0.852160 0.523281
36.600000 30.076498 -1.049419 0.000000 0.000000 0.000000 0.888238 0.459383
36.700000 29.845089 -0.650821 0.000000 0.000000 0.000000 0.917686 0.397307
36.800000 29.476033 -0.331560 0.000000 0.000000 0.000000 0.956969 0.290190
36.900000 29.061592 -0.113292 0.000000 0.000000 0.000000 0.984078 0.177738
37.000000 28.614088 0.026327 0.000000 0.000000 0.000000 0.997093 0.076200
37.100000 28.114209 0.103527 0.000000 -0.000000 -0.000000 -0.999060 0.043346
37.200000 27.925895 0.048057 0.000000 -0.000000 -0.000000 -0.994640 0.103400
37.300000 27.462721 -0.058156 0.000000 -0.000000 -0.000000 -0.977930 0.208932
37.400000 26.975115 -0.251339 0.000000 -0.000000 -0.000000 -0.968968 0.247188
37.500000 26.544351 -0.436742 0.000000 -0.000000 -0.000000 -0.969633 0.244566
37.600000 26.075490 -0.666768 0.000000 -0.000000 -0.000000 -0.986574 0.163317
37.700000 25.545601 -0.761093 0.000000 -0.000000 -0.000000 -0.998769 0.049604
37.800000 25.066617 -0.769985 0.000000 0.000000 0.000000 0.995803 0.091522
37.900000 24.585134 -0.625400 0.000000 0.000000 0.000000 0.968015 0.250894
38.000000 24.205302 -0.307029 0.000000 0.000000 0.000000 0.935340 0.353751
38.100000 23.870370 0.054752 0.000000 0.000000 0.000000 0.918315 0.395850
38.200000 23.669686 0.252750 0.000000 0.000000 0.000000 0.911502 0.411295
38.300000 23.369561 0.653891 0.000000 0.000000 0.000000 0.899792 0.436320
38.400000 23.006820 1.110920 0.000000 0.000000 0.000000 0.894513 0.447042
38.500000 22.742698 1.527994 0.000000 0.000000 0.000000 0.881295 0.472567
38.600000 22.386976 1.984331 0.000000 0.000000 0.000000 0.871739 0.489971
38.700000 22.145009 2.444123 0.000000 0.000000 0.000000 0.866260 0.499594
38.800000 21.849837 2.944743 0.000000 0.000000 0.000000 0.845367 0.534185
38.900000 21.649289 3.398957 0.000000 0.000000 0.000000 0.877409 0.479743
39.000000 21.297643 3.837291 0.000000 0.000000 0.000000 0.902832 0.429993
39.100000 20.972166 4.276037 0.000000 0.000000 0.000000 0.911640 0.410990
39.200000 20.617694 4.666809 0.000000 0.000000 0.000000 0.930649 0.365913
39.300000 20.244780 5.038506 0.000000 0.000000 0.000000 0.908894 0.417028
39.400000 19.917820 5.481501 0.000000 0.000000 0.000000 0.897503 0.441009
39.500000 19.605183 5.902300 0.000000 0.000000 0.000000 0.882207 0.470862
39.600000 19.321382 6.335851 0.000000 0.000000 0.000000 0.871340 0.490679
39.700000 19.124666 6.815505 0.000000 0.000000 0.000000 0.846072 0.533069
39.800000 18.928224 7.292459 0.000000 0.000000 0.000000 0.783364 0.621563
39.900000 18.840923 7.841327 0.000000 0.000000 0.000000 0.741091 0.671404
40.000000 18.848760 8.306168 0.000000 0.000000 0.000000 0.682819 0.730587
40.100000 18.903548 8.833003 0.000000 0.000000 0.000000 0.576065 0.817404
40.200000 19.074767 9.259248 0.000000 0.000000 0.000000 0.495223 0.868766
40.300000 19.323980 9.627166 0.000000 0.000000 0.000000 0.415590 0.909552
40.400000 19.662155 9.950077 0.000000 0.000000 0.000000 0.306093 0.952002
40.500000 20.032675 10.187830 0.000000 0.000000 0.000000 0.249752 0.968310
40.600000 20.438189 10.380564 0.000000 0.000000 0.000000 0.197881 0.980226
40.700000 20.729243 10.478791 0.000000 0.000000 0.000000 0.137715 0.990472
40.800000 21.011964 10.546485 0.000000 0.000000 0.000000 0.096824 0.995302
40.900000 21.314334 10.608182 0.000000 0.000000 0.000000 0.035001 0.999387
41.000000 21.578647 10.590022 0.000000 0.000000 0.000000 0.048405 0.998828
41.100000 21.884001 10.619747 0.000000 0.000000 0.000000 0.055766 0.998444
41.200000 22.200263 10.642320 0.000000 0.000000 0.000000 0.055422 0.998463
41.300000 22.530593 10.689381 0.000000 0.000000 0.000000 0.037572 0.999294
41.400000 22.874807 10.696193 0.000000 -0.000000 -0.000000 -0.019081 0.999818
41.500000 23.248904 10.664043 0.000000 -0.000000 -0.000000 -0.064531 0.997916
41.600000 23.673716 10.606990 0.000000 -0.000000 -0.000000 -0.075270 0.997163
41.700000 24.727843 10.599525 0.000000 0.000000 0.000000 0.143859 0.989598
41.800000 25.015890 10.654962 0.000000 0.000000 0.000000 0.229106 0.973401
41.900000 25.165695 10.743242 0.000000 0.000000 0.000000 0.331362 0.943504
42.000000 25.389521 10.905152 0.000000 0.000000 0.000000 0.411818 0.911266
42.100000 25.719217 11.289378 0.000000 0.000000 0.000000 0.485302 0.874346
42.200000 25.977636 11.720057 0.000000 0.000000 0.000000 0.508687 0.860952
42.300000 26.222680 12.168755 0.000000 0.000000 0.000000 0.511335 0.859381
42.400000 26.475171 12.608176 0.000000 0.000000 0.000000 0.483665 0.875253
42.500000 26.772794 13.027058 0.000000 0.000000 0.000000 0.425263 0.905070
42.600000 27.155653 13.373758 0.000000 0.000000 0.000000 0.307389 0.951584
42.700000 27.547855 13.586760 0.000000 0.000000 0.000000 0.154384 0.988011
42.800000 27.947368 13.732974 0.000000 0.000000 0.000000 0.166484 0.986044
42.900000 28.110660 13.813106 0.000000 0.000000 0.000000 0.270327 0.962769
43.000000 28.288588 13.870859 0.000000 0.000000 0.000000 0.391294 0.920266
43.100000 28.394523 14.023954 0.000000 0.000000 0.000000 0.486826 0.873499
43.200000 28.485565 14.162629 0.000000 0.000000 0.000000 0.579261 0.815142
43.300000 28.578832 14.390794 0.000000 0.000000 0.000000 0.650666 0.759364
43.400000 28.559995 14.562722 0.000000 0.000000 0.000000 0.685463 0.728107
43.500000 28.603134 15.098012 0.000000 0.000000 0.000000 0.671749 0.740779
43.600000 28.666960 15.617264 0.000000 0.000000 0.000000 0.630340 0.776320
43.700000 28.800201 16.127937 0.000000 0.000000 0.000000 0.583717 0.811957
43.800000 28.984881 16.609503 0.000000 0.000000 0.000000 0.577335 0.816508
43.900000 29.189960 17.079402 0.000000 0.000000 0.000000 0.577104 0.816671
44.000000 29.293808 17.400237 0.000000 0.000000 0.000000 0.562519 0.826784
44.100000 29.483696 17.842894 0.000000 0.000000 0.000000 0.549868 0.835252
44.200000 29.703306 18.385805 0.000000 0.000000 0.000000 0.551910 0.833904
44.300000 29.960086 18.861208 0.000000 0.000000 0.000000 0.548997 0.835824
44.400000 30.173991 19.356015 0.000000 0.000000 0.000000 0.549746 0.835332
44.500000 30.384960 19.845664 0.000000 0.000000 0.000000 0.548254 0.836312
44.600000 30.649383 20.364214 0.000000 0.000000 0.000000 0.557081 0.830458
44.700000 30.851160 20.854484 0.000000 0.000000 0.000000 0.557326 0.830294
44.800000 31.052679 21.348328 0.000000 0.000000 0.000000 0.554533 0.832162
44.900000 31.254671 21.838177 0.000000 0.000000 0.000000 0.556591 0.830787
45.000000 31.461084 22.344801 0.000000 0.000000 0.000000 0.589077 0.808077
45.100000 31.617851 22.836740 0.000000 0.000000 0.000000 0.589739 0.807594
45.200000 31.774903 23.332807 0.000000 0.000000 0.000000 0.605377 0.795939
45.300000 31.908596 23.819820 0.000000 0.000000 0.000000 0.614245 0.789115
45.400000 32.066249 24.300307 0.000000 0.000000 0.000000 0.537207 0.843450
45.500000 32.325826 24.706188 0.000000 0.000000 0.000000 0.390988 0.920396
45.600000 32.691489 25.003617 0.000000 0.000000 0.000000 0.382212 0.924075
45.700000 32.851829 25.159433 0.000000 0.000000 0.000000 0.446475 0.894796
45.800000 32.987380 25.381138 0.000000 0.000000 0.000000 0.510142 0.860090
45.900000 33.085522 25.566678 0.000000 0.000000 0.000000 0.581834 0.813308
46.000000 33.146142 25.770215 0.000000 0.000000 0.000000 0.648624 0.761109
46.100000 33.159657 25.961673 0.000000 0.000000 0.000000 0.736311 0.676644
46.200000 33.179316 26.185819 0.000000 0.000000 0.000000 0.830574 0.556908
46.300000 33.082420 26.345059 0.000000 0.000000 0.000000 0.913084 0.407771
46.400000 32.954371 26.491984 0.000000 0.000000 0.000000 0.970840 0.239728
46.500000 32.806667 26.580965 0.000000 0.000000 0.000000 0.997899 0.064794
46.600000 32.643652 26.558218 0.000000 -0.000000 -0.000000 -0.996863 0.079150
46.700000 32.494090 26.534897 0.000000 -0.000000 -0.000000 -0.973551 0.228468
46.800000 32.358608 26.465620 0.000000 -0.000000 -0.000000 -0.927790 0.373102
46.900000 32.241507 26.348775 0.000000 -0.000000 -0.000000 -0.874240 0.485494
47.000000 32.071734 26.056941 0.000000 -0.000000 -0.000000 -0.824906 0.565270
47.100000 31.942182 25.730990 0.000000 -0.000000 -0.000000 -0.808970 0.587850
47.200000 31.883953 25.511725 0.000000 -0.000000 -0.000000 -0.788776 0.614681
47.300000 31.777359 25.059754 0.000000 -0.000000 -0.000000 -0.737845 0.674971
47.400000 31.737612 24.592871 0.000000 -0.000000 -0.000000 -0.740785 0.671742
47.500000 31.627783 24.026995 0.000000 -0.000000 -0.000000 -0.742847 0.669461
47.600000 31.592756 23.512645 0.000000 -0.000000 -0.000000 -0.776785 0.629766
47.700000 31.412200 22.984763 0.000000 -0.000000 -0.000000 -0.815661 0.578530
47.800000 31.242479 22.541739 0.000000 -0.000000 -0.000000 -0.830832 0.556523
47.900000 30.982941 22.035343 0.000000 -0.000000 -0.000000 -0.849273 0.527955
48.000000 30.746748 21.561754 0.000000 -0.000000 -0.000000 -0.855855 0.517216
48.100000 30.501722 21.097349 0.000000 -0.000000 -0.000000 -0.854751 0.519039
48.200000 30.271526 20.690966 0.000000 -0.000000 -0.000000 -0.851626 0.524150
48.300000 29.972468 20.129380 0.000000 -0.000000 -0.000000 -0.847803 0.530311
48.400000 29.746836 19.701609 0.000000 -0.000000 -0.000000 -0.842026 0.539437
48.500000 29.531605 19.234875 0.000000 -0.000000 -0.000000 -0.837932 0.545775
48.600000 29.326413 18.801300 0.000000 -0.000000 -0.000000 -0.834845 0.550485
48.700000 29.055060 18.222834 0.000000 -0.000000 -0.000000 -0.828346 0.560216
48.800000 28.874760 17.794874 0.000000 -0.000000 -0.000000 -0.816855 0.576843
48.900000 28.708251 17.291968 0.000000 -0.000000 -0.000000 -0.795587 0.605840
49.000000 28.511620 16.740562 0.000000 -0.000000 -0.000000 -0.789941 0.613183
49.100000 28.383292 16.239961 0.000000 -0.000000 -0.000000 -0.789857 0.613291
49.200000 28.246657 15.730482 0.000000 -0.000000 -0.000000 -0.787944 0.615747
49.300000 28.101101 15.223402 0.000000 -0.000000 -0.000000 -0.816282 0.577654
49.400000 27.869117 14.739499 0.000000 -0.000000 -0.000000 -0.826430 0.563040
49.500000 27.671837 14.266182 0.000000 -0.000000 -0.000000 -0.842783 0.538253
49.600000 27.431247 13.763442 0.000000 -0.000000 -0.000000 -0.857654 0.514228
49.700000 27.186731 13.352484 0.000000 -0.000000 -0.000000 -0.865874 0.500262
49.800000 26.923082 12.914693 0.000000 -0.000000 -0.000000 -0.881437 0.472302
49.900000 26.573813 12.437179 0.000000 -0.000000 -0.000000 -0.879891 0.475176
50.000000 26.288996 11.999884 0.000000 -0.000000 -0.000000 -0.875987 0.482335
50.100000 25.963177 11.519282 0.000000 -0.000000 -0.000000 -0.858531 0.512762
50.200000 25.723181 11.103983 0.000000 -0.000000 -0.000000 -0.844886 0.534946
50.300000 25.523897 10.573973 0.000000 -0.000000 -0.000000 -0.800402 0.599463
50.400000 25.368581 10.087986 0.000000 -0.000000 -0.000000 -0.750170 0.661245
50.500000 25.353057 9.821582 0.000000 -0.000000 -0.000000 -0.716075 0.698023
50.600000 25.405697 9.264891 0.000000 -0.000000 -0.000000 -0.616067 0.787694
50.700000 25.531260 8.786157 0.000000 -0.000000 -0.000000 -0.537987 0.842953
50.800000 25.753465 8.351001 0.000000 -0.000000 -0.000000 -0.501931 0.864908
50.900000 25.961801 7.940769 0.000000 -0.000000 -0.000000 -0.587808 0.809000
51.000000 26.008184 7.539430 0.000000 -0.000000 -0.000000 -0.711409 0.702778
51.100000 25.975462 7.142305 0.000000 -0.000000 -0.000000 -0.806262 0.591558
51.200000 25.799226 6.753087 0.000000 -0.000000 -0.000000 -0.912872 0.408247
51.300000 25.487008 6.484818 0.000000 -0.000000 -0.000000 -0.971375 0.237552
51.400000 25.091868 6.354456 0.000000 -0.000000 -0.000000 -0.983227 0.182386
51.500000 24.643029 6.184925 0.000000 -0.000000 -0.000000 -0.986741 0.162303
51.600000 24.157669 6.051452 0.000000 -0.000000 -0.000000 -0.984620 0.174709
51.700000 23.729213 5.863882 0.000000 -0.000000 -0.000000 -0.958871 0.283842
51.800000 23.551153 5.709568 0.000000 -0.000000 -0.000000 -0.934014 0.357236
51.900000 23.399607 5.517587 0.000000 -0.000000 -0.000000 -0.892283 0.451477
52.000000 23.182754 5.091802 0.000000 -0.000000 -0.000000 -0.757760 0.652534
52.100000 23.155706 4.648993 0.000000 -0.000000 -0.000000 -0.619231 0.785209
52.200000 23.311528 4.246326 0.000000 -0.000000 -0.000000 -0.572591 0.819841
52.300000 23.402365 3.847706 0.000000 -0.000000 -0.000000 -0.692426 0.721489
52.400000 23.358579 3.431178 0.000000 -0.000000 -0.000000 -0.826716 0.562620
52.500000 23.163216 3.083822 0.000000 -0.000000 -0.000000 -0.882689 0.469957
52.600000 22.899590 2.708838 0.000000 -0.000000 -0.000000 -0.858579 0.512681
52.700000 22.741961 2.573791 0.000000 -0.000000 -0.000000 -0.799410 0.600786
52.800000 22.677918 2.371333 0.000000 -0.000000 -0.000000 -0.725266 0.688469
52.900000 22.685781 2.161164 0.000000 -0.000000 -0.000000 -0.670107 0.742265
53.000000 22.788300 1.691864 0.000000 -0.000000 -0.000000 -0.587319 0.809356
53.100000 22.854713 1.467653 0.000000 -0.000000 -0.000000 -0.581232 0.813738
53.200000 22.913702 1.237431 0.000000 -0.000000 -0.000000 -0.540651 0.841247
53.300000 23.016004 1.023218 0.000000 -0.000000 -0.000000 -0.441959 0.897035
53.400000 23.159557 0.839688 0.000000 -0.000000 -0.000000 -0.330519 0.943799
53.500000 23.342534 0.658869 0.000000 -0.000000 -0.000000 -0.215043 0.976605
53.600000 23.540716 0.588216 0.000000 -0.000000 -0.000000 -0.091791 0.995778
53.700000 23.786763 0.566249 0.000000 0.000000 0.000000 0.036465 0.999335
53.800000 24.176253 0.603333 0.000000 0.000000 0.000000 0.107181 0.994239
53.900000 24.576742 0.671321 0.000000 0.000000 0.000000 0.013082 0.999914
54.000000 25.002586 0.663714 0.000000 -0.000000 -0.000000 -0.088098 0.996112
54.100000 25.418435 0.581411 0.000000 -0.000000 -0.000000 -0.141245 0.989975
54.200000 25.852600 0.416192 0.000000 -0.000000 -0.000000 -0.229803 0.973237
54.300000 26.285154 0.152864 0.000000 -0.000000 -0.000000 -0.306219 0.951961
54.400000 26.681465 -0.151713 0.000000 -0.000000 -0.000000 -0.385642 0.922648
54.500000 27.031314 -0.536320 0.000000 -0.000000 -0.000000 -0.468333 0.883552
54.600000 27.313532 -0.979750 0.000000 -0.000000 -0.000000 -0.516039 0.856565
54.700000 27.548411 -1.463453 0.000000 -0.000000 -0.000000 -0.603197 0.797592
54.800000 27.579455 -2.017700 0.000000 -0.000000 -0.000000 -0.670425 0.741977
54.900000 27.619275 -2.544051 0.000000 -0.000000 -0.000000 -0.715707 0.698401
55.000000 27.568132 -3.107127 0.000000 -0.000000 -0.000000 -0.794496 0.607270
55.100000 27.407690 -3.548219 0.000000 -0.000000 -0.000000 -0.851732 0.523978
55.200000 27.128883 -3.990690 0.000000 -0.000000 -0.000000 -0.905304 0.424764
55.300000 26.754693 -4.374371 0.000000 -0.000000 -0.000000 -0.931119 0.364716
55.400000 26.369049 -4.733139 0.000000 -0.000000 -0.000000 -0.930217 0.367011
55.500000 25.985723 -5.091946 0.000000 -0.000000 -0.000000 -0.926138 0.377184
55.600000 25.555529 -5.487707 0.000000 -0.000000 -0.000000 -0.932973 0.359946
55.700000 25.173998 -5.791027 0.000000 -0.000000 -0.000000 -0.929706 0.368301
55.800000 24.791618 -6.150083 0.000000 -0.000000 -0.000000 -0.931548 0.363618
55.900000 24.407961 -6.504447 0.000000 -0.000000 -0.000000 -0.931741 0.363124
56.000000 23.978208 -6.890431 0.000000 -0.000000 -0.000000 -0.928672 0.370901
56.100000 23.618814 -7.196789 0.000000 -0.000000 -0.000000 -0.918738 0.394868
56.200000 23.251295 -7.581534 0.000000 -0.000000 -0.000000 -0.887914 0.460009
56.300000 22.964676 -7.994508 0.000000 -0.000000 -0.000000 -0.876812 0.480834
56.400000 22.830464 -8.218056 0.000000 -0.000000 -0.000000 -0.840318 0.542093
56.500000 22.686614 -8.444540 0.000000 -0.000000 -0.000000 -0.793669 0.608350
56.600000 22.635775 -8.692554 0.000000 -0.000000 -0.000000 -0.735198 0.677853
56.700000 22.632713 -8.955344 0.000000 -0.000000 -0.000000 -0.673622 0.739076
56.800000 22.626672 -9.195538 0.000000 -0.000000 -0.000000 -0.610025 0.792382
56.900000 22.706562 -9.480103 0.000000 -0.000000 -0.000000 -0.539307 0.842109
57.000000 22.940468 -9.944543 0.000000 -0.000000 -0.000000 -0.425108 0.905143
57.100000 23.277615 -10.340537 0.000000 -0.000000 -0.000000 -0.367421 0.930055
57.200000 23.652101 -10.684275 0.000000 -0.000000 -0.000000 -0.338595 0.940932
57.300000 24.048036 -11.018284 0.000000 -0.000000 -0.000000 -0.347361 0.937731
57.400000 24.409127 -11.387551 0.000000 -0.000000 -0.000000 -0.422873 0.906189
57.500000 24.713538 -11.784895 0.000000 -0.000000 -0.000000 -0.479518 0.877532
57.600000 24.981344 -12.262050 0.000000 -0.000000 -0.000000 -0.507790 0.861481
57.700000 25.208635 -12.712594 0.000000 -0.000000 -0.000000 -0.507704 0.861531
57.800000 25.327220 -12.942272 0.000000 -0.000000 -0.000000 -0.509272 0.860605
57.900000 25.565334 -13.346927 0.000000 -0.000000 -0.000000 -0.476604 0.879118
58.000000 25.821541 -13.715461 0.000000 -0.000000 -0.000000 -0.441839 0.897094
58.100000 25.916237 -13.896945 0.000000 -0.000000 -0.000000 -0.364270 0.931293
58.200000 26.073175 -14.030413 0.000000 -0.000000 -0.000000 -0.278641 0.960395
58.300000 26.258345 -14.145275 0.000000 -0.000000 -0.000000 -0.169847 0.985470
58.400000 26.492121 -14.206874 0.000000 -0.000000 -0.000000 -0.079701 0.996819
58.500000 26.874606 -14.256873 0.000000 -0.000000 -0.000000 -0.021293 0.999773
58.600000 27.242624 -14.284357 0.000000 -0.000000 -0.000000 -0.119411 0.992845
58.700000 27.580518 -14.435215 0.000000 -0.000000 -0.000000 -0.330313 0.943871
58.800000 27.766401 -14.699779 0.000000 -0.000000 -0.000000 -0.631783 0.775145
58.900000 27.767880 -15.049134 0.000000 -0.000000 -0.000000 -0.832424 0.554139
59.000000 27.591308 -15.251193 0.000000 -0.000000 -0.000000 -0.927174 0.374631
59.100000 27.306929 -15.470187 0.000000 -0.000000 -0.000000 -0.953813 0.300401
59.200000 27.013482 -15.673693 0.000000 -0.000000 -0.000000 -0.952861 0.303407
59.300000 26.680030 -15.902029 0.000000 -0.000000 -0.000000 -0.960320 0.278902
59.400000 26.279245 -16.105762 0.000000 -0.000000 -0.000000 -0.968325 0.249692
59.500000 25.893663 -16.332164 0.000000 -0.000000 -0.000000 -0.960755 0.277397
59.600000 25.548540 -16.592694 0.000000 -0.000000 -0.000000 -0.954922 0.296858
59.700000 25.180856 -16.877632 0.000000 -0.000000 -0.000000 -0.931684 0.363270
59.800000 24.838521 -17.194205 0.000000 -0.000000 -0.000000 -0.875784 0.482702
59.900000 24.731764 -17.386239 0.000000 -0.000000 -0.000000 -0.844100 0.536185
60.000000 24.617478 -17.572911 0.000000 -0.000000 -0.000000 -0.789606 0.613615
60.100000 24.595780 -17.783323 0.000000 -0.000000 -0.000000 -0.714745 0.699385
60.200000 24.600032 -18.015078 0.000000 -0.000000 -0.000000 -0.627095 0.778943
60.300000 24.674378 -18.208713 0.000000 -0.000000 -0.000000 -0.535141 0.844763
60.400000 24.880854 -18.603560 0.000000 -0.000000 -0.000000 -0.445807 0.895129
60.500000 25.177592 -18.921728 0.000000 -0.000000 -0.000000 -0.410681 0.911779
60.600000 25.480192 -19.266746 0.000000 -0.000000 -0.000000 -0.406170 0.913798
60.700000 25.767262 -19.671398 0.000000 -0.000000 -0.000000 -0.430684 0.902503
60.800000 26.051435 -20.020404 0.000000 -0.000000 -0.000000 -0.437887 0.899030
60.900000 26.316875 -20.356484 0.000000 -0.000000 -0.000000 -0.435356 0.900258
61.000000 26.574867 -20.682396 0.000000 -0.000000 -0.000000 -0.435253 0.900308
61.100000 26.799156 -21.034828 0.000000 -0.000000 -0.000000 -0.443161 0.896442
61.200000 27.030356 -21.347085 0.000000 -0.000000 -0.000000 -0.463001 0.886358
61.300000 27.255415 -21.670380 0.000000 -0.000000 -0.000000 -0.477905 0.878412
61.400000 27.452658 -21.997693 0.000000 -0.000000 -0.000000 -0.515710 0.856763
61.500000 27.608988 -22.360242 0.000000 -0.000000 -0.000000 -0.522699 0.852518
61.600000 27.780432 -22.639325 0.000000 -0.000000 -0.000000 -0.449586 0.893237
61.700000 27.994465 -22.873798 0.000000 -0.000000 -0.000000 -0.495703 0.868492
61.800000 28.081246 -23.136917 0.000000 -0.000000 -0.000000 -0.664932 0.746904
61.900000 28.066977 -23.337849 0.000000 -0.000000 -0.000000 -0.832461 0.554084
62.000000 27.916897 -23.532972 0.000000 -0.000000 -0.000000 -0.990381 0.138365
62.100000 27.728245 -23.506374 0.000000 0.000000 0.000000 0.884264 0.466988
62.200000 27.668175 -23.297782 0.000000 0.000000 0.000000 0.678578 0.734529
62.300000 27.725785 -23.130472 0.000000 0.000000 0.000000 0.668355 0.743842
62.400000 27.745550 -22.985369 0.000000 0.000000 0.000000 0.707406 0.706807
62.500000 27.738410 -22.881651 0.000000 0.000000 0.000000 0.762571 0.646904
62.600000 27.711991 -22.725022 0.000000 0.000000 0.000000 0.813942 0.580946
62.700000 27.653157 -22.558025 0.000000 0.000000 0.000000 0.861325 0.508054
62.800000 27.451758 -22.242431 0.000000 0.000000 0.000000 0.916197 0.400728
62.900000 27.303589 -22.096168 0.000000 0.000000 0.000000 0.938757 0.344580
63.000000 26.957233 -21.872571 0.000000 0.000000 0.000000 0.984833 0.173504
63.100000 26.545972 -21.774705 0.000000 -0.000000 -0.000000 -1.000000 0.000297
63.200000 26.341209 -21.751800 0.000000 -0.000000 -0.000000 -0.989676 0.143324
63.300000 26.125736 -21.818113 0.000000 -0.000000 -0.000000 -0.965299 0.261146
63.400000 25.924650 -21.942954 0.000000 -0.000000 -0.000000 -0.932114 0.362164
63.500000 25.627950 -22.219894 0.000000 -0.000000 -0.000000 -0.891680 0.452665
63.600000 25.305573 -22.639260 0.000000 -0.000000 -0.000000 -0.881915 0.471408
63.700000 25.070032 -23.000131 0.000000 -0.000000 -0.000000 -0.863799 0.503837
63.800000 24.831302 -23.450522 0.000000 -0.000000 -0.000000 -0.864979 0.501809
63.900000 24.572809 -23.816052 0.000000 -0.000000 -0.000000 -0.862043 0.506835
64.000000 24.352958 -24.164520 0.000000 -0.000000 -0.000000 -0.890986 0.454032
64.100000 24.106116 -24.454314 0.000000 -0.000000 -0.000000 -0.958664 0.284541
64.200000 23.677091 -24.571812 0.000000 -0.000000 -0.000000 -0.997075 0.076425
64.300000 23.368743 -24.619636 0.000000 0.000000 0.000000 0.994887 0.100997
64.400000 22.951775 -24.462192 0.000000 0.000000 0.000000 0.980936 0.194329
64.500000 22.527309 -24.298634 0.000000 0.000000 0.000000 0.984552 0.175094
64.600000 22.067600 -24.121394 0.000000 0.000000 0.000000 0.980683 0.195605
64.700000 21.618620 -23.916813 0.000000 0.000000 0.000000 0.968421 0.249321
64.800000 21.253789 -23.611067 0.000000 0.000000 0.000000 0.937763 0.347276
64.900000 20.873402 -23.280810 0.000000 0.000000 0.000000 0.868318 0.496009
65.000000 20.677857 -22.823387 0.000000 0.000000 0.000000 0.780292 0.625416
65.100000 20.628490 -22.343393 0.000000 0.000000 0.000000 0.701614 0.712557
65.200000 20.670216 -21.829811 0.000000 0.000000 0.000000 0.617305 0.786724
65.300000 20.741444 -21.570161 0.000000 0.000000 0.000000 0.594909 0.803793
65.400000 20.886791 -21.114871 0.000000 0.000000 0.000000 0.581946 0.813227
65.500000 21.107690 -20.681148 0.000000 0.000000 0.000000 0.518329 0.855181
65.600000 21.378424 -20.270174 0.000000 0.000000 0.000000 0.444175 0.895940
65.700000 21.687038 -19.885043 0.000000 0.000000 0.000000 0.384853 0.922978
65.800000 22.077923 -19.533537 0.000000 0.000000 0.000000 0.309008 0.951060
65.900000 22.316453 -19.404253 0.000000 0.000000 0.000000 0.310728 0.950499
66.000000 22.731721 -19.119426 0.000000 0.000000 0.000000 0.280737 0.959785
66.100000 23.167404 -18.863688 0.000000 0.000000 0.000000 0.243217 0.969972
66.200000 23.636780 -18.641717 0.000000 0.000000 0.000000 0.269960 0.962872
66.300000 23.839194 -18.517278 0.000000 0.000000 0.000000 0.328719 0.944428
66.400000 24.024862 -18.366046 0.000000 0.000000 0.000000 0.396986 0.917825
66.500000 24.183269 -18.223321 0.000000 0.000000 0.000000 0.494689 0.869070
66.600000 24.270428 -18.044388 0.000000 0.000000 0.000000 0.602136 0.798393
66.700000 24.304574 -17.818394 0.000000 0.000000 0.000000 0.708390 0.705821
66.800000 24.320173 -17.664303 0.000000 0.000000 0.000000 0.824812 0.565407
66.900000 24.238748 -17.477672 0.000000 0.000000 0.000000 0.912680 0.408676
67.000000 24.139671 -17.398460 0.000000 0.000000 0.000000 0.966266 0.257546
67.100000 24.010514 -17.316760 0.000000 0.000000 0.000000 0.993637 0.112630
67.200000 23.849897 -17.282805 0.000000 -0.000000 -0.000000 -0.998984 0.045071
67.300000 23.683651 -17.306403 0.000000 -0.000000 -0.000000 -0.980322 0.197406
67.400000 23.518252 -17.384207 0.000000 -0.000000 -0.000000 -0.951042 0.309062
67.500000 23.195561 -17.600078 0.000000 -0.000000 -0.000000 -0.923084 0.384599
67.600000 22.879381 -17.945960 0.000000 -0.000000 -0.000000 -0.904690 0.426070
67.700000 22.563284 -18.295607 0.000000 -0.000000 -0.000000 -0.887051 0.461672
67.800000 22.270400 -18.761527 0.000000 -0.000000 -0.000000 -0.878132 0.478418
67.900000 21.994045 -19.205454 0.000000 -0.000000 -0.000000 -0.863976 0.503533
68.000000 21.728976 -19.646713 0.000000 -0.000000 -0.000000 -0.850598 0.525816
68.100000 21.507467 -20.157622 0.000000 -0.000000 -0.000000 -0.829873 0.557953
68.200000 21.314716 -20.644152 0.000000 -0.000000 -0.000000 -0.803938 0.594713
68.300000 21.161793 -21.148664 0.000000 -0.000000 -0.000000 -0.794331 0.607485
68.400000 21.029422 -21.641576 0.000000 -0.000000 -0.000000 -0.795423 0.606054
68.500000 20.865157 -22.138877 0.000000 -0.000000 -0.000000 -0.763797 0.645457
68.600000 20.770854 -22.667755 0.000000 -0.000000 -0.000000 -0.780942 0.624603
68.700000 20.620351 -23.189803 0.000000 -0.000000 -0.000000 -0.832712 0.553706
68.800000 20.394689 -23.654375 0.000000 -0.000000 -0.000000 -0.878235 0.478229
68.900000 20.076399 -24.061850 0.000000 -0.000000 -0.000000 -0.927819 0.373030
69.000000 19.705831 -24.418099 0.000000 -0.000000 -0.000000 -0.932024 0.362396
69.100000 19.269770 -24.763189 0.000000 -0.000000 -0.000000 -0.932640 0.360807
69.200000 18.885256 -25.113896 0.000000 -0.000000 -0.000000 -0.933697 0.358063
69.300000 18.502865 -25.450482 0.000000 -0.000000 -0.000000 -0.935463 0.353425
69.400000 18.121553 -25.790280 0.000000 -0.000000 -0.000000 -0.936821 0.349809
69.500000 17.927990 -25.971693 0.000000 -0.000000 -0.000000 -0.930700 0.365783
69.600000 17.740790 -26.142444 0.000000 -0.000000 -0.000000 -0.909767 0.415119
69.700000 17.427325 -26.545168 0.000000 -0.000000 -0.000000 -0.850789 0.525508
69.800000 17.276490 -26.797627 0.000000 -0.000000 -0.000000 -0.813673 0.581323
69.900000 17.117214 -27.533000 0.000000 -0.000000 -0.000000 -0.756658 0.653810
70.000000 17.090804 -27.750195 0.000000 -0.000000 -0.000000 -0.765546 0.643381
70.100000 16.985687 -28.202231 0.000000 -0.000000 -0.000000 -0.859361 0.511370
70.200000 16.709273 -28.554813 0.000000 -0.000000 -0.000000 -0.940492 0.339817
70.300000 16.302465 -28.780636 0.000000 -0.000000 -0.000000 -0.988389 0.151945
70.400000 15.903874 -28.859028 0.000000 -0.000000 -0.000000 -0.999550 0.029997
70.500000 15.653118 -28.892447 0.000000 -0.000000 -0.000000 -0.999096 0.042513
70.600000 15.427835 -28.886244 0.000000 -0.000000 -0.000000 -0.992186 0.124769
70.700000 15.015109 -29.063765 0.000000 -0.000000 -0.000000 -0.971187 0.238319
70.800000 14.789107 -29.175586 0.000000 -0.000000 -0.000000 -0.971153 0.238458
70.900000 14.413672 -29.351710 0.000000 -0.000000 -0.000000 -0.984113 0.177541
71.000000 13.989179 -29.429836 0.000000 -0.000000 -0.000000 -0.999880 0.015475
71.100000 13.617679 -29.378692 0.000000 0.000000 0.000000 0.978940 0.204150
71.200000 13.244542 -29.179448 0.000000 0.000000 0.000000 0.979491 0.201488
71.300000 13.108647 -29.115166 0.000000 0.000000 0.000000 0.990588 0.136876
71.400000 12.756111 -29.034031 0.000000 0.000000 0.000000 0.999709 0.024136
71.500000 12.367169 -29.036895 0.000000 -0.000000 -0.000000 -0.999523 0.030874
71.600000 11.981623 -29.037629 0.000000 -0.000000 -0.000000 -0.995590 0.093806
71.700000 11.590952 -29.137087 0.000000 -0.000000 -0.000000 -0.990786 0.135439
71.800000 11.182750 -29.230894 0.000000 -0.000000 -0.000000 -0.986689 0.162619
71.900000 10.812062 -29.366331 0.000000 -0.000000 -0.000000 -0.973735 0.227685
72.000000 10.443648 -29.578281 0.000000 -0.000000 -0.000000 -0.952500 0.304538
72.100000 10.137097 -29.835597 0.000000 -0.000000 -0.000000 -0.931393 0.364015
72.200000 9.958880 -29.982166 0.000000 -0.000000 -0.000000 -0.897899 0.440202
72.300000 9.842202 -30.130920 0.000000 -0.000000 -0.000000 -0.846631 0.532180
72.400000 9.701764 -30.493207 0.000000 -0.000000 -0.000000 -0.725487 0.688236
72.500000 9.709135 -30.853032 0.000000 -0.000000 -0.000000 -0.626540 0.779389
72.600000 9.808639 -31.216279 0.000000 -0.000000 -0.000000 -0.566985 0.823728
72.700000 9.951260 -31.542191 0.000000 -0.000000 -0.000000 -0.517150 0.855895
72.800000 10.040562 -31.706217 0.000000 -0.000000 -0.000000 -0.467944 0.883758
72.900000 10.134794 -31.845982 0.000000 -0.000000 -0.000000 -0.386996 0.922081
73.000000 10.253514 -31.962921 0.000000 -0.000000 -0.000000 -0.287002 0.957930
73.100000 10.385432 -32.040303 0.000000 -0.000000 -0.000000 -0.169486 0.985533
73.200000 10.537138 -32.085705 0.000000 -0.000000 -0.000000 -0.047015 0.998894
73.300000 10.732182 -32.100844 0.000000 0.000000 0.000000 0.076249 0.997089
73.400000 10.857464 -32.094232 0.000000 0.000000 0.000000 0.181234 0.983440
73.500000 10.995176 -32.006527 0.000000 0.000000 0.000000 0.295408 0.955371
73.600000 11.105348 -31.896477 0.000000 0.000000 0.000000 0.420525 0.907281
73.700000 11.208617 -31.782368 0.000000 0.000000 0.000000 0.528885 0.848694
73.800000 11.270456 -31.689020 0.000000 0.000000 0.000000 0.609838 0.792526
73.900000 11.311988 -31.525098 0.000000 0.000000 0.000000 0.704789 0.709417
74.000000 11.320129 -31.317800 0.000000 0.000000 0.000000 0.771955 0.635677
74.100000 11.282785 -31.161102 0.000000 0.000000 0.000000 0.821081 0.570812
74.200000 11.213002 -30.999749 0.000000 0.000000 0.000000 0.863324 0.504649
74.300000 11.026377 -30.682576 0.000000 0.000000 0.000000 0.879548 0.475809
74.400000 10.822046 -30.322220 0.000000 0.000000 0.000000 0.840569 0.541704
74.500000 10.710970 -29.935889 0.000000 0.000000 0.000000 0.782711 0.622385
74.600000 10.665042 -29.511372 0.000000 0.000000 0.000000 0.769279 0.638913
74.700000 10.639150 -29.078637 0.000000 0.000000 0.000000 0.754560 0.656231
74.800000 10.571262 -28.613186 0.000000 0.000000 0.000000 0.757803 0.652484
74.900000 10.537466 -28.173269 0.000000 0.000000 0.000000 0.807083 0.590438
75.000000 10.390793 -27.737331 0.000000 0.000000 0.000000 0.790827 0.612040
75.100000 10.334090 -27.299434 0.000000 0.000000 0.000000 0.738106 0.674685
75.200000 10.299216 -26.858075 0.000000 0.000000 0.000000 0.728712 0.684821
75.300000 10.298335 -26.416489 0.000000 0.000000 0.000000 0.746622 0.665249
75.400000 10.290442 -26.212265 0.000000 0.000000 0.000000 0.770068 0.637962
75.500000 10.207249 -25.778314 0.000000 0.000000 0.000000 0.830916 0.556398
75.600000 10.127830 -25.598902 0.000000 0.000000 0.000000 0.858508 0.512800
75.700000 10.036535 -25.446579 0.000000 0.000000 0.000000 0.887298 0.461196
75.800000 9.827205 -25.144457 0.000000 0.000000 0.000000 0.937309 0.348498
75.900000 9.704699 -25.054209 0.000000 0.000000 0.000000 0.957757 0.287578
76.000000 9.586064 -24.998310 0.000000 0.000000 0.000000 0.972796 0.231662
76.100000 9.305002 -24.865416 0.000000 0.000000 0.000000 0.989253 0.146214
76.200000 9.038456 -24.772822 0.000000 0.000000 0.000000 0.979960 0.199194
76.300000 8.807916 -24.603187 0.000000 0.000000 0.000000 0.961088 0.276242
76.400000 8.586824 -24.443680 0.000000 0.000000 0.000000 0.941132 0.338039
76.500000 8.397019 -24.262455 0.000000 0.000000 0.000000 0.917670 0.397344
76.600000 8.235314 -24.040388 0.000000 0.000000 0.000000 0.898065 0.439863
76.700000 8.045451 -23.788767 0.000000 0.000000 0.000000 0.884391 0.466746
76.800000 7.870695 -23.502400 0.000000 0.000000 0.000000 0.862207 0.506557
76.900000 7.768955 -23.198392 0.000000 0.000000 0.000000 0.828765 0.559597
77.000000 7.639587 -22.863351 0.000000 0.000000 0.000000 0.810394 0.585885
77.100000 7.535828 -22.499248 0.000000 0.000000 0.000000 0.768134 0.640289
77.200000 7.476549 -22.105377 0.000000 0.000000 0.000000 0.705182 0.709027
77.300000 7.537524 -21.743841 0.000000 0.000000 0.000000 0.682526 0.730861
77.400000 7.619630 -21.375460 0.000000 0.000000 0.000000 0.575481 0.817815
77.500000 7.819329 -21.038611 0.000000 0.000000 0.000000 0.450642 0.892705
77.600000 8.052104 -20.730039 0.000000 0.000000 0.000000 0.426481 0.904497
77.700000 8.319698 -20.431106 0.000000 0.000000 0.000000 0.399063 0.916923
77.800000 8.635805 -20.120632 0.000000 0.000000 0.000000 0.458401 0.888746
77.900000 8.727439 -19.969614 0.000000 0.000000 0.000000 0.498017 0.867167
78.000000 8.826684 -19.763656 0.000000 0.000000 0.000000 0.570077 0.821591
78.100000 8.960415 -19.352516 0.000000 0.000000 0.000000 0.648173 0.761493
78.200000 8.987155 -19.144031 0.000000 0.000000 0.000000 0.683141 0.730287
78.300000 9.030859 -18.957585 0.000000 0.000000 0.000000 0.727220 0.686404
78.400000 9.001692 -18.767981 0.000000 0.000000 0.000000 0.788039 0.615625
78.500000 8.955622 -18.547905 0.000000 0.000000 0.000000 0.858757 0.512383
78.600000 8.835059 -18.413954 0.000000 0.000000 0.000000 0.907239 0.420615
78.700000 8.732568 -18.285172 0.000000 0.000000 0.000000 0.947297 0.320357
78.800000 8.608093 -18.186995 0.000000 0.000000 0.000000 0.975752 0.218881
78.900000 8.315804 -18.099443 0.000000 0.000000 0.000000 0.986350 0.164664
79.000000 8.045729 -17.931413 0.000000 0.000000 0.000000 0.961460 0.274944
79.100000 7.787807 -17.778439 0.000000 0.000000 0.000000 0.919793 0.392405
79.200000 7.599682 -17.501424 0.000000 0.000000 0.000000 0.850839 0.525426
79.300000 7.476925 -17.136067 0.000000 0.000000 0.000000 0.780662 0.624953
79.400000 7.469020 -16.805638 0.000000 0.000000 0.000000 0.696395 0.717659
79.500000 7.485172 -16.477171 0.000000 0.000000 0.000000 0.658900 0.752230
79.600000 7.580357 -16.163342 0.000000 0.000000 0.000000 0.648006 0.761635
79.700000 7.631985 -15.795233 0.000000 0.000000 0.000000 0.653494 0.756932
79.800000 7.684137 -15.405960 0.000000 0.000000 0.000000 0.725563 0.688156
79.900000 7.670305 -15.197438 0.000000 0.000000 0.000000 0.774579 0.632477
80.000000 7.604282 -14.991258 0.000000 0.000000 0.000000 0.815945 0.578130
80.100000 7.491670 -14.599887 0.000000 0.000000 0.000000 0.862182 0.506599
80.200000 7.245935 -14.213342 0.000000 0.000000 0.000000 0.896196 0.443658
80.300000 6.938404 -13.836998 0.000000 0.000000 0.000000 0.908165 0.418613
80.400000 6.632833 -13.401683 0.000000 0.000000 0.000000 0.887372 0.461054
80.500000 6.350628 -12.990121 0.000000 0.000000 0.000000 0.873503 0.486819
80.600000 6.086237 -12.551823 0.000000 0.000000 0.000000 0.856759 0.515716
80.700000 5.863434 -12.064600 0.000000 0.000000 0.000000 0.860888 0.508795
80.800000 5.635849 -11.628487 0.000000 0.000000 0.000000 0.884819 0.465935
80.900000 5.342221 -11.219659 0.000000 0.000000 0.000000 0.909215 0.416327
81.000000 4.991096 -10.847616 0.000000 0.000000 0.000000 0.930850 0.365401
81.100000 4.612382 -10.499261 0.000000 0.000000 0.000000 0.934152 0.356874
81.200000 4.251440 -10.159406 0.000000 0.000000 0.000000 0.916887 0.399147
81.300000 3.920399 -9.730277 0.000000 0.000000 0.000000 0.899362 0.437205
81.400000 3.621129 -9.312296 0.000000 0.000000 0.000000 0.881266 0.472621
81.500000 3.387101 -8.878719 0.000000 0.000000 0.000000 0.836297 0.548277
81.600000 3.206615 -8.375045 0.000000 0.000000 0.000000 0.738437 0.674322
81.700000 3.242384 -7.883522 0.000000 0.000000 0.000000 0.582700 0.812687
81.800000 3.491635 -7.454266 0.000000 0.000000 0.000000 0.460999 0.887401
81.900000 3.636008 -7.225234 0.000000 0.000000 0.000000 0.447691 0.894188
82.000000 3.940623 -6.820462 0.000000 0.000000 0.000000 0.401877 0.915694
82.100000 4.156861 -6.607997 0.000000 0.000000 0.000000 0.371698 0.928354
82.200000 4.524672 -6.260952 0.000000 0.000000 0.000000 0.369253 0.929329
82.300000 4.906143 -5.904160 0.000000 0.000000 0.000000 0.357212 0.934023
82.400000 5.336599 -5.566123 0.000000 0.000000 0.000000 0.338240 0.941060
82.500000 5.733476 -5.242588 0.000000 0.000000 0.000000 0.338848 0.940841
82.600000 6.134735 -4.925040 0.000000 0.000000 0.000000 0.337440 0.941347
82.700000 6.556153 -4.593557 0.000000 0.000000 0.000000 0.310261 0.950651
82.800000 6.971947 -4.296067 0.000000 0.000000 0.000000 0.292342 0.956314
82.900000 7.412322 -4.025268 0.000000 0.000000 0.000000 0.211514 0.977375
83.000000 7.913947 -3.799427 0.000000 0.000000 0.000000 0.111843 0.993726
83.100000 8.426222 -3.741478 0.000000 -0.000000 -0.000000 -0.006458 0.999979
83.200000 8.911925 -3.810754 0.000000 -0.000000 -0.000000 -0.182829 0.983145
83.300000 9.380952 -4.020860 0.000000 -0.000000 -0.000000 -0.317723 0.948184
83.400000 9.766063 -4.411094 0.000000 -0.000000 -0.000000 -0.412480 0.910967
83.500000 10.133664 -4.861852 0.000000 -0.000000 -0.000000 -0.434528 0.900658
83.600000 10.457181 -5.271265 0.000000 -0.000000 -0.000000 -0.448124 0.893971
83.700000 10.693529 -5.617778 0.000000 -0.000000 -0.000000 -0.442343 0.896846
83.800000 11.087566 -6.096845 0.000000 -0.000000 -0.000000 -0.434009 0.900908
83.900000 11.414935 -6.509666 0.000000 -0.000000 -0.000000 -0.441867 0.897081
84.000000 11.742407 -6.902987 0.000000 -0.000000 -0.000000 -0.431074 0.902316
84.100000 12.049076 -7.345400 0.000000 -0.000000 -0.000000 -0.421042 0.907041
84.200000 12.353875 -7.681602 0.000000 -0.000000 -0.000000 -0.422551 0.906339
84.300000 12.725825 -8.144808 0.000000 -0.000000 -0.000000 -0.416622 0.909080
84.400000 13.058463 -8.530717 0.000000 -0.000000 -0.000000 -0.415401 0.909638
84.500000 13.392360 -8.923670 0.000000 -0.000000 -0.000000 -0.419828 0.907604
84.600000 13.730547 -9.319050 0.000000 -0.000000 -0.000000 -0.426642 0.904421
84.700000 14.050974 -9.709698 0.000000 -0.000000 -0.000000 -0.434673 0.900588
84.800000 14.366554 -10.110577 0.000000 -0.000000 -0.000000 -0.443147 0.896449
84.900000 14.677362 -10.514438 0.000000 -0.000000 -0.000000 -0.444934 0.895563
85.000000 14.981401 -10.919191 0.000000 -0.000000 -0.000000 -0.451602 0.892219
85.100000 15.302256 -11.364518 0.000000 -0.000000 -0.000000 -0.443015 0.896514
85.200000 15.619099 -11.734795 0.000000 -0.000000 -0.000000 -0.359375 0.933193
85.300000 15.965141 -12.042260 0.000000 -0.000000 -0.000000 -0.262491 0.964934
85.400000 16.197973 -12.181214 0.000000 -0.000000 -0.000000 -0.212481 0.977165
85.500000 16.636055 -12.341779 0.000000 -0.000000 -0.000000 -0.139446 0.990230
85.600000 17.090664 -12.480725 0.000000 -0.000000 -0.000000 -0.074986 0.997185
85.700000 17.470954 -12.511203 0.000000 0.000000 0.000000 0.050326 0.998733
85.800000 17.671382 -12.464938 0.000000 0.000000 0.000000 0.128488 0.991711
85.900000 17.825045 -12.413582 0.000000 0.000000 0.000000 0.216865 0.976202
86.000000 18.075787 -12.278676 0.000000 0.000000 0.000000 0.313415 0.949616
86.100000 18.314876 -12.110591 0.000000 0.000000 0.000000 0.330479 0.943813
86.200000 18.542006 -11.921359 0.000000 0.000000 0.000000 0.362062 0.932154
86.300000 18.768172 -11.697400 0.000000 0.000000 0.000000 0.426370 0.904549
86.400000 18.921912 -11.337094 0.000000 0.000000 0.000000 0.862371 0.506276
86.500000 18.830460 -11.321683 0.000000 0.000000 0.000000 0.929923 0.367753
86.600000 18.741419 -11.295996 0.000000 0.000000 0.000000 0.976018 0.217691
86.700000 18.752373 -11.240728 0.000000 0.000000 0.000000 0.999062 0.043313
86.800000 18.640413 -11.257050 0.000000 -0.000000 -0.000000 -0.987827 0.155556
86.900000 18.520436 -11.324627 0.000000 -0.000000 -0.000000 -0.953873 0.300209
87.000000 18.457010 -11.380317 0.000000 -0.000000 -0.000000 -0.932222 0.361886
87.100000 18.312099 -11.514071 0.000000 -0.000000 -0.000000 -0.902697 0.430276
87.200000 18.135030 -11.746695 0.000000 -0.000000 -0.000000 -0.907077 0.420964
87.300000 17.896811 -12.053673 0.000000 -0.000000 -0.000000 -0.939848 0.341593
87.400000 17.511036 -12.255741 0.000000 -0.000000 -0.000000 -0.987534 0.157408
87.500000 16.858831 -12.304285 0.000000 0.000000 0.000000 0.993124 0.117067
87.600000 16.428599 -12.141292 0.000000 0.000000 0.000000 0.960298 0.278976
87.700000 16.009818 -11.819041 0.000000 0.000000 0.000000 0.933332 0.359016
87.800000 15.826751 -11.625280 0.000000 0.000000 0.000000 0.924566 0.381023
87.900000 15.455488 -11.251680 0.000000 0.000000 0.000000 0.915869 0.401477
88.000000 15.123369 -10.818392 0.000000 0.000000 0.000000 0.910781 0.412891
88.100000 14.773610 -10.421017 0.000000 0.000000 0.000000 0.909110 0.416556
88.200000 14.439807 -9.971580 0.000000 0.000000 0.000000 0.913503 0.406833
88.300000 14.114913 -9.587112 0.000000 0.000000 0.000000 0.912881 0.408226
88.400000 13.930944 -9.410246 0.000000 0.000000 0.000000 0.914273 0.405099
88.500000 13.538457 -8.967677 0.000000 0.000000 0.000000 0.914286 0.405070
88.600000 13.229233 -8.586870 0.000000 0.000000 0.000000 0.914563 0.404444
88.700000 12.870731 -8.197955 0.000000 0.000000 0.000000 0.918068 0.396423
88.800000 12.530279 -7.774986 0.000000 0.000000 0.000000 0.915470 0.402385
88.900000 12.187587 -7.337409 0.000000 0.000000 0.000000 0.911874 0.410471
89.000000 11.839757 -6.945887 0.000000 0.000000 0.000000 0.909687 0.415295
89.100000 11.496039 -6.547659 0.000000 0.000000 0.000000 0.903587 0.428404
89.200000 11.180308 -6.099817 0.000000 0.000000 0.000000 0.907341 0.420394
89.300000 10.839858 -5.698641 0.000000 0.000000 0.000000 0.902662 0.430351
89.400000 10.507108 -5.292940 0.000000 0.000000 0.000000 0.904942 0.425535
89.500000 10.181984 -4.865774 0.000000 0.000000 0.000000 0.918324 0.395829
89.600000 9.805563 -4.492555 0.000000 0.000000 0.000000 0.934131 0.356931
89.700000 9.406919 -4.120010 0.000000 0.000000 0.000000 0.964822 0.262905
89.800000 8.945536 -3.895256 0.000000 0.000000 0.000000 0.986672 0.162720
89.900000 8.448051 -3.736305 0.000000 0.000000 0.000000 0.989697 0.143176
90.000000 7.945603 -3.594226 0.000000 0.000000 0.000000 0.988973 0.148098
90.100000 7.432529 -3.374977 0.000000 0.000000 0.000000 0.977461 0.211115
90.200000 6.961496 -3.136806 0.000000 0.000000 0.000000 0.954229 0.299076
90.300000 6.539284 -2.825781 0.000000 0.000000 0.000000 0.945602 0.325326
90.400000 6.173232 -2.483619 0.000000 0.000000 0.000000 0.918849 0.394610
90.500000 5.821773 -2.092154 0.000000 0.000000 0.000000 0.893655 0.448754
90.600000 5.519161 -1.622293 0.000000 0.000000 0.000000 0.896442 0.443161
90.700000 5.187342 -1.215975 0.000000 0.000000 0.000000 0.939106 0.343628
90.800000 5.002901 -1.044472 0.000000 0.000000 0.000000 0.965285 0.261199
90.900000 4.786517 -0.921815 0.000000 0.000000 0.000000 0.980472 0.196659
91.000000 4.307161 -0.741425 0.000000 0.000000 0.000000 0.985568 0.169280
91.100000 3.848503 -0.562993 0.000000 0.000000 0.000000 0.977162 0.212498
91.200000 3.410234 -0.292902 0.000000 0.000000 0.000000 0.953894 0.300144
91.300000 3.002877 0.017643 0.000000 0.000000 0.000000 0.902105 0.431516
91.400000 2.729232 0.439445 0.000000 0.000000 0.000000 0.848484 0.529221
91.500000 2.536739 0.944174 0.000000 0.000000 0.000000 0.767535 0.641007
91.600000 2.519626 1.425400 0.000000 0.000000 0.000000 0.681723 0.731610
91.700000 2.575775 1.931989 0.000000 0.000000 0.000000 0.636624 0.771174
91.800000 2.708283 2.416250 0.000000 0.000000 0.000000 0.558510 0.829497
91.900000 2.936900 2.931664 0.000000 0.000000 0.000000 0.535757 0.844372
92.000000 3.142182 3.383670 0.000000 0.000000 0.000000 0.523592 0.851969
92.100000 3.275073 3.626863 0.000000 0.000000 0.000000 0.524616 0.851339
92.200000 3.501644 4.088113 0.000000 0.000000 0.000000 0.532546 0.846401
92.300000 3.742981 4.539780 0.000000 0.000000 0.000000 0.583487 0.812122
92.400000 3.814706 4.793047 0.000000 0.000000 0.000000 0.609367 0.792888
92.500000 3.932970 5.285898 0.000000 0.000000 0.000000 0.680911 0.732366
92.600000 3.964467 5.591695 0.000000 0.000000 0.000000 0.736399 0.676548
92.700000 3.884002 6.070254 0.000000 0.000000 0.000000 0.782812 0.622258
92.800000 3.794939 6.585604 0.000000 0.000000 0.000000 0.847027 0.531550
92.900000 3.669124 6.797571 0.000000 0.000000 0.000000 0.897905 0.440190
93.000000 3.491679 6.987086 0.000000 0.000000 0.000000 0.935491 0.353350
93.100000 3.308819 7.176503 0.000000 0.000000 0.000000 0.961533 0.274691
93.200000 3.097859 7.257898 0.000000 0.000000 0.000000 0.977990 0.208652
93.300000 2.873790 7.360557 0.000000 0.000000 0.000000 0.991722 0.128404
93.400000 2.376273 7.466608 0.000000 -0.000000 -0.000000 -0.999622 0.027489
93.500000 1.937361 7.387866 0.000000 -0.000000 -0.000000 -0.997667 0.068273
93.600000 1.564996 7.388299 0.000000 0.000000 0.000000 0.999746 0.022532
93.700000 1.301266 7.407910 0.000000 0.000000 0.000000 0.976671 0.214742
93.800000 1.144008 7.575013 0.000000 0.000000 0.000000 0.876047 0.482225
93.900000 1.089367 7.856100 0.000000 0.000000 0.000000 0.478743 0.877955
94.000000 1.249016 8.020071 0.000000 0.000000 0.000000 0.252992 0.967468
94.100000 1.505765 8.104152 0.000000 0.000000 0.000000 0.193677 0.981065
94.200000 1.814356 8.209316 0.000000 0.000000 0.000000 0.081982 0.996634
94.300000 2.146084 8.200472 0.000000 -0.000000 -0.000000 -0.055662 0.998450
94.400000 2.516548 8.159902 0.000000 -0.000000 -0.000000 -0.054369 0.998521
94.500000 2.881552 8.142568 0.000000 0.000000 0.000000 0.000577 1.000000
94.600000 3.228378 8.123754 0.000000 0.000000 0.000000 0.021145 0.999776
94.700000 3.485068 8.083324 0.000000 -0.000000 -0.000000 -0.317641 0.948211
94.800000 3.635961 7.865765 0.000000 -0.000000 -0.000000 -0.553139 0.833089
94.900000 3.732220 7.558783 0.000000 -0.000000 -0.000000 -0.540863 0.841110
95.000000 3.863584 7.279619 0.000000 -0.000000 -0.000000 -0.522073 0.852901
95.100000 4.022476 6.982354 0.000000 -0.000000 -0.000000 -0.472127 0.881531
95.200000 4.255231 6.668072 0.000000 -0.000000 -0.000000 -0.371173 0.928564
95.300000 4.401560 6.537422 0.000000 -0.000000 -0.000000 -0.313513 0.949584
95.400000 4.573359 6.424272 0.000000 -0.000000 -0.000000 -0.230051 0.973179
95.500000 4.759187 6.350749 0.000000 -0.000000 -0.000000 -0.132599 0.991170
95.600000 4.960443 6.270731 0.000000 -0.000000 -0.000000 -0.021520 0.999768
95.700000 5.170197 6.294356 0.000000 0.000000 0.000000 0.091564 0.995799
95.800000 5.588357 6.443929 0.000000 0.000000 0.000000 0.184741 0.982787
95.900000 6.010188 6.634918 0.000000 0.000000 0.000000 0.274441 0.961604
96.000000 6.417217 6.901402 0.000000 0.000000 0.000000 0.327103 0.944989
96.100000 6.832398 7.159270 0.000000 0.000000 0.000000 0.358887 0.933381
96.200000 7.003537 7.334297 0.000000 0.000000 0.000000 0.388068 0.921631
96.300000 7.330395 7.689349 0.000000 0.000000 0.000000 0.514594 0.857434
96.400000 7.519400 8.082701 0.000000 0.000000 0.000000 0.593190 0.805062
96.500000 7.668486 8.460449 0.000000 0.000000 0.000000 0.643965 0.765055
96.600000 7.718064 8.862177 0.000000 0.000000 0.000000 0.705878 0.708333
96.700000 7.715781 9.263053 0.000000 0.000000 0.000000 0.706485 0.707728
96.800000 7.719032 9.473383 0.000000 0.000000 0.000000 0.748859 0.662729
96.900000 7.654721 9.861693 0.000000 0.000000 0.000000 0.828555 0.559908
97.000000 7.518257 10.226169 0.000000 0.000000 0.000000 0.823330 0.567563
97.100000 7.421212 10.603392 0.000000 0.000000 0.000000 0.762519 0.646966
97.200000 7.392589 10.927290 0.000000 0.000000 0.000000 0.602111 0.798413
97.300000 7.529569 11.144147 0.000000 0.000000 0.000000 0.374086 0.927394
97.400000 7.712245 11.280038 0.000000 -0.000000 -0.000000 -0.130093 0.991502
97.500000 7.808289 11.153752 0.000000 -0.000000 -0.000000 -0.806461 0.591288
97.600000 7.732407 10.903884 0.000000 -0.000000 -0.000000 -0.795071 0.606516
97.700000 7.680093 10.632208 0.000000 -0.000000 -0.000000 -0.752562 0.658521
97.800000 7.679463 10.373056 0.000000 -0.000000 -0.000000 -0.684753 0.728775
97.900000 7.699538 10.047371 0.000000 -0.000000 -0.000000 -0.652902 0.757443
98.000000 7.744357 9.696546 0.000000 -0.000000 -0.000000 -0.663736 0.747967
98.100000 7.789441 9.397677 0.000000 -0.000000 -0.000000 -0.713526 0.700628
98.200000 7.759738 9.054362 0.000000 -0.000000 -0.000000 -0.733582 0.679601
98.300000 7.707056 8.755951 0.000000 -0.000000 -0.000000 -0.694366 0.719622
98.400000 7.753332 8.425367 0.000000 -0.000000 -0.000000 -0.653591 0.756848
98.500000 7.790928 8.272081 0.000000 -0.000000 -0.000000 -0.602369 0.798217
98.600000 7.879179 8.015293 0.000000 -0.000000 -0.000000 -0.501278 0.865286
98.700000 7.950902 7.775245 0.000000 -0.000000 -0.000000 -0.563567 0.826070
98.800000 8.011119 7.520538 0.000000 -0.000000 -0.000000 -0.794585 0.607153
98.900000 7.923000 7.312622 0.000000 -0.000000 -0.000000 -0.970538 0.240947
99.000000 7.702742 7.235243 0.000000 -0.000000 -0.000000 -0.975669 0.219250
99.100000 7.429536 7.134324 0.000000 -0.000000 -0.000000 -0.963430 0.267959
99.200000 7.189258 7.025106 0.000000 -0.000000 -0.000000 -0.961890 0.273436
99.300000 6.893645 6.841359 0.000000 -0.000000 -0.000000 -0.959190 0.282763
99.400000 6.567231 6.627566 0.000000 -0.000000 -0.000000 -0.954680 0.297633
99.500000 6.197560 6.361931 0.000000 -0.000000 -0.000000 -0.946616 0.322364
99.600000 5.796646 6.053098 0.000000 -0.000000 -0.000000 -0.947718 0.319110
99.700000 5.392197 5.743148 0.000000 -0.000000 -0.000000 -0.944647 0.328088
99.800000 4.986802 5.409673 0.000000 -0.000000 -0.000000 -0.929648 0.368449
99.900000 4.564346 5.061758 0.000000 -0.000000 -0.000000 -0.911577 0.411129
100.000000 4.243428 4.662667 0.000000 -0.000000 -0.000000 -0.882795 0.469758
100.100000 3.964166 4.221246 0.000000 -0.000000 -0.000000 -0.865563 0.500800
100.200000 3.706558 3.768769 0.000000 -0.000000 -0.000000 -0.855625 0.517596
100.300000 3.456047 3.271744 0.000000 -0.000000 -0.000000 -0.852265 0.523110
100.400000 3.175474 2.825784 0.000000 -0.000000 -0.000000 -0.857752 0.514064
100.500000 2.972680 2.354258 0.000000 -0.000000 -0.000000 -0.875570 0.483092
100.600000 2.658076 1.952039 0.000000 -0.000000 -0.000000 -0.894104 0.447860
100.700000 2.285537 1.578077 0.000000 -0.000000 -0.000000 -0.947451 0.319901
100.800000 1.872499 1.300583 0.000000 -0.000000 -0.000000 -0.976176 0.216980
100.900000 1.390761 1.155139 0.000000 -0.000000 -0.000000 -0.996344 0.085430
101.000000 0.888919 1.094168 0.000000 0.000000 0.000000 0.998033 0.062699
101.100000 0.382037 1.164180 0.000000 0.000000 0.000000 0.994015 0.109241
101.200000 -0.125846 1.333228 0.000000 0.000000 0.000000 0.986370 0.164543
101.300000 -0.584824 1.498188 0.000000 0.000000 0.000000 0.985263 0.171044
101.400000 -1.064126 1.663404 0.000000 0.000000 0.000000 0.993086 0.117385
101.500000 -1.295108 1.721170 0.000000 0.000000 0.000000 0.997059 0.076642
101.600000 -1.786528 1.792813 0.000000 -0.000000 -0.000000 -0.998977 0.045218
101.700000 -1.994646 1.797753 0.000000 -0.000000 -0.000000 -0.994433 0.105367
101.800000 -2.218727 1.732873 0.000000 -0.000000 -0.000000 -0.986862 0.161564
101.900000 -2.600528 1.590022 0.000000 -0.000000 -0.000000 -0.967488 0.252916
102.000000 -2.995498 1.411676 0.000000 -0.000000 -0.000000 -0.974753 0.223284
102.100000 -3.376594 1.270828 0.000000 -0.000000 -0.000000 -0.995852 0.090990
102.200000 -3.737048 1.240619 0.000000 0.000000 0.000000 0.996313 0.085795
102.300000 -4.074343 1.377169 0.000000 0.000000 0.000000 0.953053 0.302803
102.400000 -4.314222 1.606246 0.000000 0.000000 0.000000 0.852734 0.522345
102.500000 -4.385873 1.875823 0.000000 0.000000 0.000000 0.668955 0.743302
102.600000 -4.293063 2.097620 0.000000 0.000000 0.000000 0.393014 0.919533
102.700000 -4.104974 2.241301 0.000000 0.000000 0.000000 0.057504 0.998345
102.800000 -3.865426 2.174310 0.000000 -0.000000 -0.000000 -0.333811 0.942640
102.900000 -3.642843 1.980433 0.000000 -0.000000 -0.000000 -0.362150 0.932120
103.000000 -3.504189 1.836441 0.000000 -0.000000 -0.000000 -0.262879 0.964829
103.100000 -3.350031 1.735287 0.000000 -0.000000 -0.000000 -0.148219 0.988955
103.200000 -3.139872 1.670198 0.000000 -0.000000 -0.000000 -0.028142 0.999604
103.300000 -2.942382 1.670835 0.000000 0.000000 0.000000 0.102128 0.994771
103.400000 -2.540089 1.754219 0.000000 0.000000 0.000000 0.156676 0.987650
103.500000 -2.109151 1.827521 0.000000 -0.000000 -0.000000 -0.045161 0.998980
103.600000 -1.720403 1.684140 0.000000 -0.000000 -0.000000 -0.253269 0.967396
103.700000 -1.346789 1.419383 0.000000 -0.000000 -0.000000 -0.422137 0.906532
103.800000 -1.113470 1.089246 0.000000 -0.000000 -0.000000 -0.538846 0.842404
103.900000 -0.965927 0.710408 0.000000 -0.000000 -0.000000 -0.503349 0.864083
104.000000 -0.896906 0.563418 0.000000 -0.000000 -0.000000 -0.422265 0.906472
104.100000 -0.796630 0.478127 0.000000 -0.000000 -0.000000 -0.278842 0.960337
104.200000 -0.724668 0.418276 0.000000 -0.000000 -0.000000 -0.089977 0.995944
104.300000 -0.692016 0.421249 0.000000 0.000000 0.000000 0.048600 0.998818
104.400000 -0.642103 0.405258 0.000000 0.000000 0.000000 0.165189 0.986262
