0.000000 0.064526 0.005831 0.000000 -0.000000 -0.000000 -0.000926 1.000000
0.100000 2.103873 0.005057 0.000000 0.000000 0.000000 0.006300 0.999980
0.200000 4.330865 0.056323 0.000000 0.000000 0.000000 0.019698 0.999806
0.300000 6.485640 0.104929 0.000000 -0.000000 -0.000000 -0.009134 0.999958
0.400000 8.682276 0.054965 0.000000 -0.000000 -0.000000 -0.007759 0.999970
0.500000 11.278302 -0.337098 0.000000 -0.000000 -0.000000 -0.196437 0.980516
0.600000 13.453051 -1.479396 0.000000 -0.000000 -0.000000 -0.494156 0.869373
0.700000 13.740752 -3.417870 0.000000 -0.000000 -0.000000 -0.750107 0.661316
0.800000 13.706760 -5.238018 0.000000 -0.000000 -0.000000 -0.767947 0.640513
0.900000 13.731832 -7.310199 0.000000 -0.000000 -0.000000 -0.722258 0.691624
1.000000 13.558703 -9.568686 0.000000 -0.000000 -0.000000 -0.744424 0.667708
1.100000 13.238413 -11.955862 0.000000 -0.000000 -0.000000 -0.747270 0.664520
1.200000 13.150090 -14.354461 0.000000 -0.000000 -0.000000 -0.724248 0.689540
1.300000 12.944224 -16.781391 0.000000 -0.000000 -0.000000 -0.737399 0.675457
1.400000 12.640516 -19.115993 0.000000 -0.000000 -0.000000 -0.755194 0.655501
1.500000 12.437182 -21.458518 0.000000 -0.000000 -0.000000 -0.730735 0.682662
1.600000 12.233191 -23.924219 0.000000 -0.000000 -0.000000 -0.736507 0.676430
1.700000 11.945159 -26.258410 0.000000 -0.000000 -0.000000 -0.753297 0.657681
1.800000 11.549457 -28.565100 0.000000 -0.000000 -0.000000 -0.764254 0.644916
1.900000 11.169329 -30.889107 0.000000 -0.000000 -0.000000 -0.759034 0.651051
2.000000 11.018406 -33.354186 0.000000 -0.000000 -0.000000 -0.684187 0.729306
2.100000 11.077636 -35.825912 0.000000 -0.000000 -0.000000 -0.714847 0.699281
2.200000 10.810272 -38.277758 0.000000 -0.000000 -0.000000 -0.752431 0.658671
2.300000 10.420517 -40.601091 0.000000 -0.000000 -0.000000 -0.760730 0.649069
2.400000 10.137547 -43.056076 0.000000 -0.000000 -0.000000 -0.718193 0.695844
2.500000 9.999893 -45.411485 0.000000 -0.000000 -0.000000 -0.725514 0.688207
2.600000 9.792355 -47.747084 0.000000 -0.000000 -0.000000 -0.732739 0.680510
2.700000 8.267720 -49.145068 0.000000 -0.000000 -0.000000 -0.996511 0.083460
2.800000 5.824814 -49.005011 0.000000 -0.000000 -0.000000 -0.999999 0.001607
2.900000 3.239359 -48.883457 0.000000 -0.000000 -0.000000 -0.999999 0.001129
3.000000 0.905767 -48.831516 0.000000 -0.000000 -0.000000 -0.999912 0.013276
3.100000 -0.971282 -49.929942 0.000000 -0.000000 -0.000000 -0.737127 0.675754
3.200000 -0.886033 -52.473398 0.000000 -0.000000 -0.000000 -0.670745 0.741688
3.300000 -1.086079 -54.870437 0.000000 -0.000000 -0.000000 -0.756524 0.653966
3.400000 -1.056181 -57.397001 0.000000 -0.000000 -0.000000 -0.586573 0.809897
3.500000 -0.889134 -59.927653 0.000000 -0.000000 -0.000000 -0.698770 0.715346
3.600000 -0.481444 -62.388956 0.000000 -0.000000 -0.000000 -0.432579 0.901596
3.700000 1.752045 -63.041037 0.000000 0.000000 0.000000 0.126022 0.992027
3.800000 4.241736 -62.421176 0.000000 0.000000 0.000000 0.017875 0.999840
3.900000 6.805362 -62.318168 0.000000 0.000000 0.000000 0.008438 0.999964
4.000000 9.239558 -62.222219 0.000000 0.000000 0.000000 0.006759 0.999977
4.100000 11.797178 -62.201244 0.000000 -0.000000 -0.000000 -0.001372 0.999999
4.200000 14.228932 -62.176883 0.000000 -0.000000 -0.000000 -0.011810 0.999930
4.300000 16.787780 -62.191501 0.000000 0.000000 0.000000 0.006611 0.999978
4.400000 19.359279 -62.184259 0.000000 0.000000 0.000000 0.001552 0.999999
4.500000 20.717833 -60.694468 0.000000 0.000000 0.000000 0.698530 0.715581
4.600000 20.738268 -58.113114 0.000000 0.000000 0.000000 0.713467 0.700689
4.700000 20.700959 -55.524480 0.000000 0.000000 0.000000 0.705818 0.708393
4.800000 20.719422 -53.067365 0.000000 0.000000 0.000000 0.695191 0.718825
4.900000 20.785171 -50.480521 0.000000 0.000000 0.000000 0.700296 0.713852
5.000000 19.712232 -48.721978 0.000000 0.000000 0.000000 0.981034 0.193836
5.100000 17.452103 -48.729342 0.000000 -0.000000 -0.000000 -0.998559 0.053672
5.200000 15.018410 -48.865554 0.000000 -0.000000 -0.000000 -0.999916 0.012971
5.300000 12.720943 -48.816392 0.000000 0.000000 0.000000 0.999671 0.025641
5.400000 10.706187 -48.471087 0.000000 0.000000 0.000000 0.730181 0.683254
5.500000 9.706132 -48.930052 0.000000 -0.000000 -0.000000 -0.953196 0.302353
5.600000 7.754017 -49.080474 0.000000 0.000000 0.000000 0.999917 0.012886
5.700000 5.504466 -48.922110 0.000000 0.000000 0.000000 0.998798 0.049022
5.800000 3.251802 -48.746087 0.000000 0.000000 0.000000 0.999179 0.040503
5.900000 1.160657 -48.557943 0.000000 -0.000000 -0.000000 -0.999909 0.013496
6.000000 -1.030608 -48.327340 0.000000 -0.000000 -0.000000 -0.999540 0.030331
6.100000 -3.078309 -48.111668 0.000000 0.000000 0.000000 0.996299 0.085957
6.200000 -4.817793 -47.273748 0.000000 0.000000 0.000000 0.926191 0.377054
6.300000 -6.462630 -46.045731 0.000000 0.000000 0.000000 0.961651 0.274277
6.400000 -8.302620 -45.329974 0.000000 0.000000 0.000000 0.990237 0.139393
6.500000 -10.531013 -44.607650 0.000000 0.000000 0.000000 0.989542 0.144244
6.600000 -12.789130 -44.066833 0.000000 0.000000 0.000000 0.994415 0.105544
6.700000 -15.096964 -43.467464 0.000000 0.000000 0.000000 0.993005 0.118071
6.800000 -16.989337 -42.897848 0.000000 0.000000 0.000000 0.986043 0.166490
6.900000 -17.773672 -41.255921 0.000000 0.000000 0.000000 0.648152 0.761511
7.000000 -17.436023 -39.025563 0.000000 0.000000 0.000000 0.627431 0.778672
7.100000 -17.002395 -36.676891 0.000000 0.000000 0.000000 0.636828 0.771006
7.200000 -16.532099 -34.537242 0.000000 0.000000 0.000000 0.618197 0.786023
7.300000 -16.076213 -32.491120 0.000000 0.000000 0.000000 0.639862 0.768490
7.400000 -16.708421 -30.728309 0.000000 0.000000 0.000000 0.975040 0.222028
7.500000 -18.787295 -30.177509 0.000000 0.000000 0.000000 0.997856 0.065452
7.600000 -21.097184 -29.780944 0.000000 0.000000 0.000000 0.996686 0.081351
7.700000 -23.328773 -29.344501 0.000000 0.000000 0.000000 0.997655 0.068445
7.800000 -25.580106 -29.006452 0.000000 0.000000 0.000000 0.998217 0.059692
7.900000 -27.945941 -28.626630 0.000000 0.000000 0.000000 0.997150 0.075438
8.000000 -30.312562 -28.166695 0.000000 0.000000 0.000000 0.995811 0.091431
8.100000 -32.537059 -27.657427 0.000000 0.000000 0.000000 0.994265 0.106946
8.200000 -34.876508 -27.132416 0.000000 0.000000 0.000000 0.995621 0.093484
8.300000 -37.101257 -26.620355 0.000000 0.000000 0.000000 0.994380 0.105873
8.400000 -39.516863 -25.902618 0.000000 0.000000 0.000000 0.979932 0.199333
8.500000 -41.815286 -25.229326 0.000000 0.000000 0.000000 0.998243 0.059260
8.600000 -44.187978 -24.864486 0.000000 0.000000 0.000000 0.997887 0.064976
8.700000 -46.552322 -24.472298 0.000000 0.000000 0.000000 0.997513 0.070488
8.800000 -49.026255 -23.999634 0.000000 0.000000 0.000000 0.996377 0.085042
8.900000 -51.360587 -23.400898 0.000000 0.000000 0.000000 0.992005 0.126200
9.000000 -53.679165 -22.773368 0.000000 0.000000 0.000000 0.997993 0.063328
9.100000 -56.044884 -22.394835 0.000000 0.000000 0.000000 0.997801 0.066287
9.200000 -58.278275 -21.923117 0.000000 0.000000 0.000000 0.994866 0.101203
9.300000 -60.603696 -21.306458 0.000000 0.000000 0.000000 0.993998 0.109400
9.400000 -62.823603 -20.816656 0.000000 0.000000 0.000000 0.998935 0.046129
9.500000 -65.211464 -20.519324 0.000000 0.000000 0.000000 0.998881 0.047286
9.600000 -67.570564 -20.087120 0.000000 0.000000 0.000000 0.995807 0.091482
9.700000 -70.052459 -19.509846 0.000000 0.000000 0.000000 0.995242 0.097431
9.800000 -72.023956 -19.949817 0.000000 -0.000000 -0.000000 -0.766942 0.641716
9.900000 -72.442637 -22.222667 0.000000 -0.000000 -0.000000 -0.756332 0.654188
10.000000 -72.770439 -24.521781 0.000000 -0.000000 -0.000000 -0.748947 0.662629
10.100000 -73.043263 -26.822689 0.000000 -0.000000 -0.000000 -0.734770 0.678316
10.200000 -73.297264 -29.006790 0.000000 -0.000000 -0.000000 -0.738492 0.674263
10.300000 -73.672578 -31.370066 0.000000 -0.000000 -0.000000 -0.767675 0.640839
10.400000 -74.091434 -33.747060 0.000000 -0.000000 -0.000000 -0.750749 0.660587
10.500000 -73.061367 -35.588672 0.000000 -0.000000 -0.000000 -0.174075 0.984732
10.600000 -70.653254 -36.229003 0.000000 -0.000000 -0.000000 -0.103612 0.994618
10.700000 -68.286556 -36.457977 0.000000 -0.000000 -0.000000 -0.031862 0.999492
10.800000 -65.798593 -36.662638 0.000000 -0.000000 -0.000000 -0.041767 0.999127
10.900000 -63.439623 -36.955277 0.000000 -0.000000 -0.000000 -0.080588 0.996747
11.000000 -61.186626 -37.421211 0.000000 -0.000000 -0.000000 -0.101249 0.994861
11.100000 -58.896961 -37.916196 0.000000 -0.000000 -0.000000 -0.097263 0.995259
11.200000 -56.447296 -38.408786 0.000000 -0.000000 -0.000000 -0.090320 0.995913
11.300000 -54.101743 -38.821057 0.000000 -0.000000 -0.000000 -0.079861 0.996806
11.400000 -51.886621 -39.225881 0.000000 -0.000000 -0.000000 -0.099644 0.995023
11.500000 -49.550110 -39.696962 0.000000 -0.000000 -0.000000 -0.086514 0.996251
11.600000 -47.226172 -40.233394 0.000000 -0.000000 -0.000000 -0.110835 0.993839
11.700000 -44.915948 -40.771063 0.000000 -0.000000 -0.000000 -0.105261 0.994445
11.800000 -42.579968 -41.269167 0.000000 -0.000000 -0.000000 -0.090317 0.995913
11.900000 -40.197437 -42.019419 0.000000 -0.000000 -0.000000 -0.148031 0.988983
12.000000 -37.913151 -42.688911 0.000000 -0.000000 -0.000000 -0.111435 0.993772
12.100000 -35.582907 -43.176101 0.000000 -0.000000 -0.000000 -0.085269 0.996358
12.200000 -33.363738 -43.597528 0.000000 -0.000000 -0.000000 -0.084449 0.996428
12.300000 -31.044482 -44.112497 0.000000 -0.000000 -0.000000 -0.105591 0.994410
12.400000 -28.848679 -44.644862 0.000000 -0.000000 -0.000000 -0.119588 0.992824
12.500000 -26.531460 -45.183888 0.000000 -0.000000 -0.000000 -0.101419 0.994844
12.600000 -24.187683 -45.637529 0.000000 -0.000000 -0.000000 -0.085991 0.996296
12.700000 -22.006299 -46.220177 0.000000 -0.000000 -0.000000 -0.131408 0.991328
12.800000 -19.806758 -46.609943 0.000000 0.000000 0.000000 0.184321 0.982866
12.900000 -19.071217 -44.470839 0.000000 0.000000 0.000000 0.664761 0.747056
13.000000 -18.625839 -42.117885 0.000000 0.000000 0.000000 0.618017 0.786165
13.100000 -17.992294 -39.807461 0.000000 0.000000 0.000000 0.591338 0.806424
13.200000 -17.348861 -37.624610 0.000000 0.000000 0.000000 0.600281 0.799789
13.300000 -16.809819 -35.550799 0.000000 0.000000 0.000000 0.592636 0.805471
13.400000 -16.238879 -33.110251 0.000000 0.000000 0.000000 0.628797 0.777569
13.500000 -16.671161 -30.844336 0.000000 0.000000 0.000000 0.969685 0.244359
13.600000 -19.103971 -30.213930 0.000000 0.000000 0.000000 0.996647 0.081822
13.700000 -21.746760 -29.720050 0.000000 0.000000 0.000000 0.995442 0.095374
13.800000 -24.393999 -29.147341 0.000000 0.000000 0.000000 0.993481 0.113996
13.900000 -27.008305 -28.486363 0.000000 0.000000 0.000000 0.991200 0.132371
14.000000 -29.650280 -27.894502 0.000000 0.000000 0.000000 0.993412 0.114599
14.100000 -32.150252 -27.315628 0.000000 0.000000 0.000000 0.993873 0.110528
14.200000 -34.795014 -26.766023 0.000000 0.000000 0.000000 0.994255 0.107036
14.300000 -37.304486 -26.209711 0.000000 0.000000 0.000000 0.994153 0.107980
14.400000 -39.801274 -25.622595 0.000000 0.000000 0.000000 0.992839 0.119460
14.500000 -42.457199 -25.134595 0.000000 0.000000 0.000000 0.995308 0.096759
14.600000 -45.097986 -24.563456 0.000000 0.000000 0.000000 0.993898 0.110301
14.700000 -47.596447 -23.983841 0.000000 0.000000 0.000000 0.994841 0.101447
14.800000 -50.237262 -23.412000 0.000000 0.000000 0.000000 0.993935 0.109971
14.900000 -52.892113 -22.977304 0.000000 0.000000 0.000000 0.999221 0.039462
15.000000 -55.569518 -22.543174 0.000000 0.000000 0.000000 0.996396 0.084828
15.100000 -58.221041 -22.004331 0.000000 0.000000 0.000000 0.994179 0.107745
15.200000 -60.713629 -21.423222 0.000000 0.000000 0.000000 0.993079 0.117447
15.300000 -63.340368 -20.788742 0.000000 0.000000 0.000000 0.994752 0.102315
15.400000 -65.919537 -20.403227 0.000000 0.000000 0.000000 0.996928 0.078318
15.500000 -68.543742 -19.942902 0.000000 0.000000 0.000000 0.996179 0.087334
15.600000 -71.170673 -19.463176 0.000000 0.000000 0.000000 0.994525 0.104500
15.700000 -73.663783 -18.958263 0.000000 0.000000 0.000000 0.994782 0.102028
15.800000 -76.149327 -18.453713 0.000000 0.000000 0.000000 0.994399 0.105691
15.900000 -78.772144 -17.902929 0.000000 0.000000 0.000000 0.994036 0.109051
16.000000 -81.408178 -17.465823 0.000000 0.000000 0.000000 0.998258 0.059007
16.100000 -83.881696 -17.157688 0.000000 0.000000 0.000000 0.997416 0.071840
16.200000 -86.508948 -16.832705 0.000000 0.000000 0.000000 0.997258 0.074000
16.300000 -89.123746 -16.486269 0.000000 0.000000 0.000000 0.996738 0.080704
16.400000 -91.749161 -16.123648 0.000000 0.000000 0.000000 0.997022 0.077116
16.500000 -94.370023 -15.764931 0.000000 0.000000 0.000000 0.996634 0.081976
16.600000 -96.627424 -15.304562 0.000000 0.000000 0.000000 0.996231 0.086736
16.700000 -99.022471 -14.835468 0.000000 0.000000 0.000000 0.997654 0.068461
16.800000 -101.297644 -14.431822 0.000000 0.000000 0.000000 0.997620 0.068956
16.900000 -103.699170 -14.000392 0.000000 0.000000 0.000000 0.997290 0.073572
17.000000 -106.089684 -13.560337 0.000000 0.000000 0.000000 0.997279 0.073721
17.100000 -108.476757 -13.328447 0.000000 0.000000 0.000000 0.999976 0.006861
17.200000 -111.005261 -13.345335 0.000000 0.000000 0.000000 0.999526 0.030797
17.300000 -113.429288 -13.050547 0.000000 0.000000 0.000000 0.997774 0.066692
17.400000 -115.892655 -12.695556 0.000000 0.000000 0.000000 0.997386 0.072264
17.500000 -118.250614 -12.243784 0.000000 0.000000 0.000000 0.989786 0.142561
17.600000 -120.751337 -11.903091 0.000000 0.000000 0.000000 0.998604 0.052814
17.700000 -123.133304 -11.639963 0.000000 0.000000 0.000000 0.998530 0.054204
17.800000 -125.648472 -11.334569 0.000000 0.000000 0.000000 0.998028 0.062766
17.900000 -127.388750 -12.509052 0.000000 -0.000000 -0.000000 -0.717330 0.696734
18.000000 -127.388676 -15.098285 0.000000 -0.000000 -0.000000 -0.701831 0.712344
18.100000 -127.508653 -17.677447 0.000000 -0.000000 -0.000000 -0.750562 0.660800
18.200000 -127.749304 -20.129240 0.000000 -0.000000 -0.000000 -0.736229 0.676732
18.300000 -127.872305 -22.719613 0.000000 -0.000000 -0.000000 -0.697568 0.716519
18.400000 -128.160926 -25.288870 0.000000 -0.000000 -0.000000 -0.757647 0.652664
18.500000 -128.222976 -27.715105 0.000000 -0.000000 -0.000000 -0.485012 0.874508
18.600000 -125.707051 -28.078501 0.000000 -0.000000 -0.000000 -0.013954 0.999903
18.700000 -123.223086 -28.198262 0.000000 -0.000000 -0.000000 -0.023982 0.999712
18.800000 -120.725780 -28.382506 0.000000 -0.000000 -0.000000 -0.035490 0.999370
18.900000 -118.175819 -28.940471 0.000000 -0.000000 -0.000000 -0.156494 0.987679
19.000000 -115.718354 -29.339515 0.000000 -0.000000 -0.000000 -0.056974 0.998376
19.100000 -113.253947 -29.575272 0.000000 -0.000000 -0.000000 -0.038995 0.999239
19.200000 -110.640861 -29.839160 0.000000 -0.000000 -0.000000 -0.049872 0.998756
19.300000 -108.178676 -30.144947 0.000000 -0.000000 -0.000000 -0.060412 0.998174
19.400000 -105.587481 -30.524109 0.000000 -0.000000 -0.000000 -0.073272 0.997312
19.500000 -103.003919 -30.957367 0.000000 -0.000000 -0.000000 -0.083763 0.996486
19.600000 -100.421540 -31.404020 0.000000 -0.000000 -0.000000 -0.086351 0.996265
19.700000 -97.830756 -31.758140 0.000000 -0.000000 -0.000000 -0.061054 0.998134
19.800000 -95.393693 -32.122176 0.000000 -0.000000 -0.000000 -0.077538 0.996989
19.900000 -92.980584 -32.570266 0.000000 -0.000000 -0.000000 -0.092766 0.995688
20.000000 -90.588164 -33.062942 0.000000 -0.000000 -0.000000 -0.068991 0.997617
20.100000 -88.054904 -33.465977 0.000000 -0.000000 -0.000000 -0.079055 0.996870
20.200000 -85.658315 -33.919597 0.000000 -0.000000 -0.000000 -0.098664 0.995121
20.300000 -83.382440 -34.399994 0.000000 -0.000000 -0.000000 -0.096986 0.995286
20.400000 -80.970725 -34.807449 0.000000 -0.000000 -0.000000 -0.083756 0.996486
20.500000 -78.575407 -35.275077 0.000000 -0.000000 -0.000000 -0.100349 0.994952
20.600000 -76.184890 -35.786407 0.000000 -0.000000 -0.000000 -0.026836 0.999640
20.700000 -74.040597 -34.900865 0.000000 0.000000 0.000000 0.501863 0.864947
20.800000 -73.677908 -32.602315 0.000000 0.000000 0.000000 0.750916 0.660398
20.900000 -73.551573 -30.311324 0.000000 0.000000 0.000000 0.664448 0.747335
21.000000 -73.184475 -27.989740 0.000000 0.000000 0.000000 0.664975 0.746865
21.100000 -72.752304 -25.602870 0.000000 0.000000 0.000000 0.641610 0.767031
21.200000 -72.372915 -24.056525 0.000000 0.000000 0.000000 0.626096 0.779746
21.300000 -71.946314 -22.494923 0.000000 0.000000 0.000000 0.649535 0.760331
21.400000 -71.709065 -20.738619 0.000000 0.000000 0.000000 0.703352 0.710842
21.500000 -72.818655 -19.460719 0.000000 0.000000 0.000000 0.990931 0.134374
21.600000 -75.238072 -18.964976 0.000000 0.000000 0.000000 0.998948 0.045866
21.700000 -77.718519 -18.686615 0.000000 0.000000 0.000000 0.998877 0.047387
21.800000 -80.071059 -18.434626 0.000000 0.000000 0.000000 0.999333 0.036511
21.900000 -82.561185 -18.281739 0.000000 -0.000000 -0.000000 -0.999053 0.043503
22.000000 -84.830282 -17.691580 0.000000 0.000000 0.000000 0.993703 0.112047
22.100000 -87.249488 -17.060337 0.000000 0.000000 0.000000 0.994079 0.108658
22.200000 -89.685624 -16.511096 0.000000 0.000000 0.000000 0.997758 0.066931
22.300000 -92.030444 -16.167850 0.000000 0.000000 0.000000 0.998208 0.059834
22.400000 -94.501204 -15.831093 0.000000 0.000000 0.000000 0.996594 0.082459
22.500000 -97.188523 -15.492200 0.000000 0.000000 0.000000 0.996938 0.078201
22.600000 -99.860674 -15.158555 0.000000 0.000000 0.000000 0.996557 0.082906
22.700000 -102.411283 -14.840590 0.000000 0.000000 0.000000 0.995004 0.099832
22.800000 -104.752570 -13.694874 0.000000 0.000000 0.000000 0.900773 0.434291
22.900000 -105.449403 -11.351399 0.000000 0.000000 0.000000 0.680851 0.732422
23.000000 -105.361808 -9.308803 0.000000 0.000000 0.000000 0.664595 0.747204
23.100000 -105.201915 -7.421548 0.000000 0.000000 0.000000 0.671450 0.741050
23.200000 -104.963483 -5.630049 0.000000 0.000000 0.000000 0.644584 0.764534
23.300000 -104.707939 -3.791143 0.000000 0.000000 0.000000 0.659317 0.751865
23.400000 -104.472511 -1.949675 0.000000 0.000000 0.000000 0.675405 0.737447
23.500000 -104.287370 -0.017484 0.000000 0.000000 0.000000 0.663000 0.748619
23.600000 -103.894706 1.830672 0.000000 0.000000 0.000000 0.642825 0.766013
23.700000 -102.376687 3.072844 0.000000 0.000000 0.000000 0.246888 0.969044
23.800000 -101.406322 4.671951 0.000000 0.000000 0.000000 0.644508 0.764598
23.900000 -100.888383 6.693824 0.000000 0.000000 0.000000 0.641647 0.767000
24.000000 -100.336622 8.561230 0.000000 0.000000 0.000000 0.626401 0.779501
24.100000 -99.667245 10.919945 0.000000 0.000000 0.000000 0.656324 0.754479
24.200000 -99.322870 13.418548 0.000000 0.000000 0.000000 0.648682 0.761060
24.300000 -98.957478 15.794537 0.000000 0.000000 0.000000 0.655719 0.755005
24.400000 -98.598246 18.288014 0.000000 0.000000 0.000000 0.651400 0.758734
24.500000 -98.179656 20.789468 0.000000 0.000000 0.000000 0.637106 0.770776
24.600000 -97.715021 23.137511 0.000000 0.000000 0.000000 0.626382 0.779516
24.700000 -97.195869 25.471652 0.000000 0.000000 0.000000 0.511550 0.859254
24.800000 -94.796536 25.726082 0.000000 -0.000000 -0.000000 -0.023184 0.999731
24.900000 -92.667537 26.267899 0.000000 0.000000 0.000000 0.724689 0.689076
25.000000 -92.526906 28.705508 0.000000 0.000000 0.000000 0.644185 0.764870
25.100000 -92.782114 30.833384 0.000000 0.000000 0.000000 0.999217 0.039563
25.200000 -94.702088 30.305340 0.000000 0.000000 0.000000 0.777632 0.628720
25.300000 -92.489188 30.951635 0.000000 0.000000 0.000000 0.015048 0.999887
25.400000 -89.834210 30.789682 0.000000 -0.000000 -0.000000 -0.024410 0.999702
25.500000 -87.201743 30.423364 0.000000 -0.000000 -0.000000 -0.064007 0.997949
25.600000 -84.581762 29.943790 0.000000 -0.000000 -0.000000 -0.045110 0.998982
25.700000 -82.075509 29.583193 0.000000 -0.000000 -0.000000 -0.053442 0.998571
25.800000 -79.518564 29.309798 0.000000 -0.000000 -0.000000 -0.024223 0.999707
25.900000 -76.944371 29.087382 0.000000 -0.000000 -0.000000 -0.060360 0.998177
26.000000 -74.524562 28.701267 0.000000 -0.000000 -0.000000 -0.093437 0.995625
26.100000 -72.002814 28.194649 0.000000 0.000000 0.000000 0.015107 0.999886
26.200000 -69.555319 28.107232 0.000000 -0.000000 -0.000000 -0.027979 0.999609
26.300000 -66.988318 27.875875 0.000000 -0.000000 -0.000000 -0.057674 0.998335
26.400000 -64.428806 27.526268 0.000000 -0.000000 -0.000000 -0.078519 0.996913
26.500000 -62.089486 26.836404 0.000000 -0.000000 -0.000000 -0.166977 0.985961
26.600000 -59.776571 26.031534 0.000000 -0.000000 -0.000000 -0.147238 0.989101
26.700000 -57.285091 25.409409 0.000000 -0.000000 -0.000000 -0.105866 0.994380
26.800000 -54.778660 24.816833 0.000000 -0.000000 -0.000000 -0.125699 0.992068
26.900000 -52.298129 24.104773 0.000000 -0.000000 -0.000000 -0.150647 0.988588
27.000000 -49.804894 23.468558 0.000000 -0.000000 -0.000000 -0.128368 0.991727
27.100000 -47.420817 22.911626 0.000000 -0.000000 -0.000000 -0.113446 0.993544
27.200000 -45.160588 22.381627 0.000000 -0.000000 -0.000000 -0.085020 0.996379
27.300000 -42.629943 21.895066 0.000000 -0.000000 -0.000000 -0.100086 0.994979
27.400000 -40.378446 21.398452 0.000000 -0.000000 -0.000000 -0.115177 0.993345
27.500000 -37.999120 20.944719 0.000000 -0.000000 -0.000000 -0.097750 0.995211
27.600000 -35.750784 20.462985 0.000000 -0.000000 -0.000000 -0.115815 0.993271
27.700000 -33.401718 19.883027 0.000000 -0.000000 -0.000000 -0.126712 0.991940
27.800000 -31.048296 19.273286 0.000000 -0.000000 -0.000000 -0.151112 0.988517
27.900000 -28.806265 18.746878 0.000000 -0.000000 -0.000000 -0.108250 0.994124
28.000000 -26.453214 18.192110 0.000000 -0.000000 -0.000000 -0.121016 0.992651
28.100000 -24.229676 17.603945 0.000000 -0.000000 -0.000000 -0.134359 0.990933
28.200000 -22.485965 17.031200 0.000000 -0.000000 -0.000000 -0.045048 0.998985
28.300000 -20.681411 16.948871 0.000000 -0.000000 -0.000000 -0.076648 0.997058
28.400000 -19.070750 16.682500 0.000000 -0.000000 -0.000000 -0.064629 0.997909
28.500000 -17.569024 16.532680 0.000000 -0.000000 -0.000000 -0.032979 0.999456
28.600000 -15.725219 16.402729 0.000000 -0.000000 -0.000000 -0.073918 0.997264
28.700000 -13.685385 15.925161 0.000000 -0.000000 -0.000000 -0.112464 0.993656
28.800000 -11.538524 15.458277 0.000000 -0.000000 -0.000000 -0.068438 0.997655
28.900000 -9.447329 15.174471 0.000000 -0.000000 -0.000000 -0.072020 0.997403
29.000000 -7.371903 14.889602 0.000000 -0.000000 -0.000000 -0.049016 0.998798
29.100000 -5.177566 14.667956 0.000000 -0.000000 -0.000000 -0.031355 0.999508
29.200000 -3.429720 14.535762 0.000000 -0.000000 -0.000000 -0.052165 0.998638
29.300000 -1.878285 14.300391 0.000000 -0.000000 -0.000000 -0.112825 0.993615
29.400000 -1.210782 13.081294 0.000000 -0.000000 -0.000000 -0.720918 0.693020
29.500000 -1.487500 11.112376 0.000000 -0.000000 -0.000000 -0.743944 0.668242
29.600000 -1.884400 9.118557 0.000000 -0.000000 -0.000000 -0.760096 0.649811
29.700000 -2.264746 7.105229 0.000000 -0.000000 -0.000000 -0.735906 0.677083
29.800000 -2.433860 5.065647 0.000000 -0.000000 -0.000000 -0.665120 0.746737
29.900000 -1.974176 3.087366 0.000000 -0.000000 -0.000000 -0.576989 0.816752
30.000000 -0.754529 1.659685 0.000000 -0.000000 -0.000000 -0.295326 0.955397
30.100000 1.029677 0.834037 0.000000 0.000000 0.000000 0.091772 0.995780
30.200000 2.955010 1.457428 0.000000 0.000000 0.000000 0.058335 0.998297
30.300000 4.975749 1.465249 0.000000 -0.000000 -0.000000 -0.018341 0.999832
30.400000 7.277430 1.373855 0.000000 -0.000000 -0.000000 -0.016245 0.999868
30.500000 9.465276 1.307884 0.000000 -0.000000 -0.000000 -0.012668 0.999920
30.600000 11.765331 1.245347 0.000000 -0.000000 -0.000000 -0.016751 0.999860
30.700000 13.715994 0.852768 0.000000 -0.000000 -0.000000 -0.504766 0.863256
30.800000 13.988504 -1.142989 0.000000 -0.000000 -0.000000 -0.732083 0.681216
30.900000 13.811171 -2.763915 0.000000 -0.000000 -0.000000 -0.741488 0.670966
31.000000 13.559008 -4.392202 0.000000 -0.000000 -0.000000 -0.765858 0.643009
31.100000 13.319300 -6.255443 0.000000 -0.000000 -0.000000 -0.721380 0.692539
31.200000 13.257957 -8.125874 0.000000 -0.000000 -0.000000 -0.699134 0.714990
31.300000 13.214657 -10.215585 0.000000 -0.000000 -0.000000 -0.687508 0.726176
31.400000 13.233821 -12.358757 0.000000 -0.000000 -0.000000 -0.705196 0.709013
31.500000 13.155619 -14.396005 0.000000 -0.000000 -0.000000 -0.717200 0.696867
31.600000 13.124192 -16.531545 0.000000 -0.000000 -0.000000 -0.709701 0.704503
31.700000 13.082084 -18.664792 0.000000 -0.000000 -0.000000 -0.708698 0.705512
31.800000 13.014927 -20.803007 0.000000 -0.000000 -0.000000 -0.727310 0.686309
31.900000 12.847470 -22.929575 0.000000 -0.000000 -0.000000 -0.741591 0.670853
32.000000 12.585641 -25.301475 0.000000 -0.000000 -0.000000 -0.743138 0.669139
32.100000 12.274064 -27.695657 0.000000 -0.000000 -0.000000 -0.756537 0.653951
32.200000 11.953080 -29.953902 0.000000 -0.000000 -0.000000 -0.761450 0.648223
32.300000 11.591450 -32.233231 0.000000 -0.000000 -0.000000 -0.767009 0.641636
32.400000 11.330173 -34.534223 0.000000 -0.000000 -0.000000 -0.720449 0.693508
32.500000 11.194163 -36.769579 0.000000 -0.000000 -0.000000 -0.733732 0.679439
32.600000 11.037764 -38.493465 0.000000 -0.000000 -0.000000 -0.742018 0.670380
32.700000 10.803957 -40.540654 0.000000 -0.000000 -0.000000 -0.737397 0.675460
32.800000 10.658489 -42.505196 0.000000 -0.000000 -0.000000 -0.736162 0.676806
32.900000 10.454806 -44.459233 0.000000 -0.000000 -0.000000 -0.749375 0.662145
33.000000 10.172088 -46.499332 0.000000 -0.000000 -0.000000 -0.759550 0.650449
33.100000 9.906601 -48.441446 0.000000 -0.000000 -0.000000 -0.734390 0.678727
33.200000 8.768254 -49.474646 0.000000 -0.000000 -0.000000 -0.999873 0.015906
33.300000 6.881543 -49.499539 0.000000 0.000000 0.000000 0.996640 0.081905
33.400000 5.026618 -49.220583 0.000000 0.000000 0.000000 0.996609 0.082287
33.500000 3.169302 -48.931552 0.000000 0.000000 0.000000 0.993721 0.111886
33.600000 1.181436 -48.630020 0.000000 0.000000 0.000000 0.989579 0.143990
33.700000 -0.908783 -48.335978 0.000000 0.000000 0.000000 0.991794 0.127845
33.800000 -2.901879 -48.067978 0.000000 0.000000 0.000000 0.992131 0.125205
33.900000 -4.545424 -47.598013 0.000000 0.000000 0.000000 0.988958 0.148194
34.000000 -4.680145 -46.292255 0.000000 0.000000 0.000000 0.477977 0.878372
34.100000 -5.377347 -46.035665 0.000000 -0.000000 -0.000000 -0.613124 0.789986
34.200000 -4.950307 -47.672217 0.000000 -0.000000 -0.000000 -0.284031 0.958815
34.300000 -3.220086 -47.742613 0.000000 -0.000000 -0.000000 -0.024887 0.999690
34.400000 -1.484638 -47.985727 0.000000 -0.000000 -0.000000 -0.063158 0.998004
34.500000 -0.843984 -49.231631 0.000000 -0.000000 -0.000000 -0.816564 0.577255
34.600000 -0.750325 -50.943960 0.000000 -0.000000 -0.000000 -0.673863 0.738857
34.700000 -0.617519 -52.742474 0.000000 -0.000000 -0.000000 -0.697597 0.716490
34.800000 -0.548405 -54.555208 0.000000 -0.000000 -0.000000 -0.697937 0.716159
34.900000 -0.562762 -56.355919 0.000000 -0.000000 -0.000000 -0.762307 0.647216
35.000000 -0.746334 -58.065444 0.000000 -0.000000 -0.000000 -0.725644 0.688070
35.100000 -0.814833 -59.866169 0.000000 -0.000000 -0.000000 -0.713085 0.701078
35.200000 -0.595525 -61.531727 0.000000 -0.000000 -0.000000 -0.320772 0.947156
35.300000 1.186358 -61.930606 0.000000 -0.000000 -0.000000 -0.058702 0.998276
35.400000 2.935007 -62.001041 0.000000 0.000000 0.000000 0.002030 0.999998
35.500000 4.774268 -62.060566 0.000000 -0.000000 -0.000000 -0.037054 0.999313
35.600000 6.523626 -62.145972 0.000000 0.000000 0.000000 0.024073 0.999710
35.700000 8.268651 -62.041503 0.000000 0.000000 0.000000 0.061960 0.998079
35.800000 10.097358 -61.897824 0.000000 0.000000 0.000000 0.001333 0.999999
35.900000 11.843204 -61.887007 0.000000 0.000000 0.000000 0.017916 0.999839
36.000000 13.681460 -61.816428 0.000000 0.000000 0.000000 0.036051 0.999350
36.100000 15.516316 -61.814371 0.000000 0.000000 0.000000 0.003154 0.999995
36.200000 17.268193 -61.807912 0.000000 0.000000 0.000000 0.014777 0.999891
36.300000 19.014928 -61.755550 0.000000 0.000000 0.000000 0.033983 0.999422
36.400000 20.746961 -61.385021 0.000000 0.000000 0.000000 0.556896 0.830582
36.500000 20.650903 -59.694122 0.000000 0.000000 0.000000 0.729237 0.684261
36.600000 20.657213 -57.976107 0.000000 0.000000 0.000000 0.700091 0.714054
36.700000 20.733764 -56.251488 0.000000 0.000000 0.000000 0.694031 0.719945
36.800000 20.837354 -54.532319 0.000000 0.000000 0.000000 0.686758 0.726886
36.900000 20.936732 -52.726419 0.000000 0.000000 0.000000 0.716001 0.698099
37.000000 20.931539 -51.006086 0.000000 0.000000 0.000000 0.713734 0.700417
37.100000 20.919063 -49.200567 0.000000 0.000000 0.000000 0.727491 0.686117
37.200000 19.533643 -48.650096 0.000000 0.000000 0.000000 0.999795 0.020266
37.300000 17.840753 -48.520948 0.000000 0.000000 0.000000 0.999142 0.041422
37.400000 16.072715 -48.365747 0.000000 0.000000 0.000000 0.998578 0.053318
37.500000 14.386064 -48.195988 0.000000 0.000000 0.000000 0.999173 0.040659
37.600000 12.619354 -48.041351 0.000000 -0.000000 -0.000000 -0.999716 0.023845
37.700000 10.847032 -48.078430 0.000000 0.000000 0.000000 0.997127 0.075751
37.800000 10.560092 -46.484670 0.000000 0.000000 0.000000 0.706488 0.707725
37.900000 10.640512 -44.681287 0.000000 0.000000 0.000000 0.754558 0.656233
38.000000 10.578155 -42.937109 0.000000 0.000000 0.000000 0.706677 0.707537
38.100000 10.634437 -41.159403 0.000000 0.000000 0.000000 0.697481 0.716603
38.200000 10.756320 -39.429680 0.000000 0.000000 0.000000 0.683533 0.729920
38.300000 10.927329 -37.720433 0.000000 0.000000 0.000000 0.668670 0.743559
38.400000 11.177608 -35.926926 0.000000 0.000000 0.000000 0.656985 0.753903
38.500000 11.476263 -33.935908 0.000000 0.000000 0.000000 0.663232 0.748414
38.600000 11.765565 -31.884993 0.000000 0.000000 0.000000 0.665241 0.746629
38.700000 12.081094 -29.839430 0.000000 0.000000 0.000000 0.648786 0.760971
38.800000 12.490717 -27.703404 0.000000 0.000000 0.000000 0.658984 0.752157
38.900000 12.657334 -25.642966 0.000000 0.000000 0.000000 0.680285 0.732948
39.000000 12.899936 -23.590657 0.000000 0.000000 0.000000 0.661927 0.749568
39.100000 13.276870 -21.237748 0.000000 0.000000 0.000000 0.642226 0.766516
39.200000 13.567836 -18.672579 0.000000 0.000000 0.000000 0.668925 0.743330
39.300000 13.937136 -16.104389 0.000000 0.000000 0.000000 0.646802 0.762658
39.400000 14.027623 -13.693606 0.000000 0.000000 0.000000 0.697244 0.716834
39.500000 14.446909 -12.174042 0.000000 0.000000 0.000000 0.794086 0.607806
39.600000 13.209804 -11.945406 0.000000 -0.000000 -0.000000 -0.943340 0.331827
39.700000 13.333161 -13.195280 0.000000 -0.000000 -0.000000 -0.159001 0.987278
39.800000 14.299194 -12.320886 0.000000 0.000000 0.000000 0.841535 0.540203
39.900000 13.628256 -10.896236 0.000000 0.000000 0.000000 0.739582 0.673067
40.000000 13.842997 -9.185174 0.000000 0.000000 0.000000 0.597404 0.801941
40.100000 14.258989 -7.278532 0.000000 0.000000 0.000000 0.680439 0.732805
40.200000 14.503071 -5.229154 0.000000 0.000000 0.000000 0.658828 0.752294
40.300000 14.645424 -3.185396 0.000000 0.000000 0.000000 0.694678 0.719321
40.400000 14.600178 -1.541752 0.000000 0.000000 0.000000 0.693188 0.720756
40.500000 14.725971 0.151556 0.000000 0.000000 0.000000 0.679852 0.733349
40.600000 14.038059 1.235263 0.000000 0.000000 0.000000 0.998905 0.046794
40.700000 12.448999 1.416879 0.000000 0.000000 0.000000 0.998448 0.055696
40.800000 10.864796 1.630784 0.000000 0.000000 0.000000 0.997787 0.066498
40.900000 9.164028 1.904275 0.000000 0.000000 0.000000 0.997341 0.072872
41.000000 7.140823 2.004118 0.000000 0.000000 0.000000 0.999987 0.005134
41.100000 5.114104 1.993305 0.000000 -0.000000 -0.000000 -0.999731 0.023173
41.200000 2.885971 1.933080 0.000000 -0.000000 -0.000000 -0.999907 0.013613
41.300000 0.850487 1.835988 0.000000 -0.000000 -0.000000 -0.999390 0.034919
41.400000 -0.956629 2.253593 0.000000 0.000000 0.000000 0.950491 0.310751
41.500000 -1.988019 3.903870 0.000000 0.000000 0.000000 0.744898 0.667178
41.600000 -2.101488 5.957628 0.000000 0.000000 0.000000 0.692348 0.721564
41.700000 -1.942135 8.126451 0.000000 0.000000 0.000000 0.697195 0.716881
41.800000 -1.822239 10.202390 0.000000 0.000000 0.000000 0.682520 0.730867
41.900000 -1.783449 12.384154 0.000000 0.000000 0.000000 0.735262 0.677783
42.000000 -1.839825 14.455404 0.000000 0.000000 0.000000 0.701023 0.713139
42.100000 -1.841872 16.635633 0.000000 0.000000 0.000000 0.697920 0.716175
42.200000 -1.624307 18.694539 0.000000 0.000000 0.000000 0.697411 0.716672
42.300000 -1.515414 20.769588 0.000000 0.000000 0.000000 0.674777 0.738022
42.400000 -1.247017 22.825334 0.000000 0.000000 0.000000 0.612263 0.790654
42.500000 0.019661 24.444928 0.000000 0.000000 0.000000 0.404380 0.914591
42.600000 1.593059 26.051856 0.000000 0.000000 0.000000 0.356749 0.934200
42.700000 3.682029 27.171310 0.000000 -0.000000 -0.000000 -0.039642 0.999214
42.800000 5.921546 26.652697 0.000000 -0.000000 -0.000000 -0.136797 0.990599
42.900000 8.231167 26.342958 0.000000 0.000000 0.000000 0.022116 0.999755
43.000000 10.620017 26.388590 0.000000 -0.000000 -0.000000 -0.004741 0.999989
43.100000 13.129624 26.303590 0.000000 -0.000000 -0.000000 -0.031323 0.999509
43.200000 15.003709 26.789507 0.000000 0.000000 0.000000 0.434448 0.900697
43.300000 15.301255 28.639775 0.000000 0.000000 0.000000 0.642925 0.765929
43.400000 15.401669 30.145273 0.000000 0.000000 0.000000 0.761541 0.648117
43.500000 15.311371 32.335603 0.000000 0.000000 0.000000 0.700615 0.713540
43.600000 15.413687 34.924795 0.000000 0.000000 0.000000 0.695078 0.718934
43.700000 15.481792 37.517802 0.000000 0.000000 0.000000 0.688790 0.724961
43.800000 15.549701 39.983520 0.000000 0.000000 0.000000 0.719310 0.694689
43.900000 15.496931 42.440204 0.000000 0.000000 0.000000 0.724472 0.689304
44.000000 15.426444 45.036805 0.000000 0.000000 0.000000 0.709693 0.704511
44.100000 15.452028 47.498992 0.000000 0.000000 0.000000 0.709639 0.704565
44.200000 15.476391 50.096381 0.000000 0.000000 0.000000 0.697637 0.716452
44.300000 15.405466 52.684742 0.000000 0.000000 0.000000 0.730844 0.682545
44.400000 15.428239 54.909292 0.000000 0.000000 0.000000 0.614205 0.789147
44.500000 15.539554 56.470354 0.000000 0.000000 0.000000 0.713628 0.700525
44.600000 15.536590 58.396238 0.000000 0.000000 0.000000 0.703997 0.710203
44.700000 15.617655 60.932742 0.000000 0.000000 0.000000 0.691173 0.722689
44.800000 15.769907 63.400168 0.000000 0.000000 0.000000 0.675988 0.736912
44.900000 15.970568 65.983817 0.000000 0.000000 0.000000 0.680669 0.732591
45.000000 16.187733 68.561553 0.000000 0.000000 0.000000 0.672753 0.739867
45.100000 16.483677 71.143298 0.000000 0.000000 0.000000 0.651043 0.759041
45.200000 16.632730 73.725010 0.000000 0.000000 0.000000 0.712935 0.701231
45.300000 16.617694 76.307954 0.000000 0.000000 0.000000 0.703663 0.710534
45.400000 16.659615 78.913836 0.000000 0.000000 0.000000 0.698309 0.715797
45.500000 16.744153 81.371590 0.000000 0.000000 0.000000 0.689786 0.724014
45.600000 16.892718 83.962189 0.000000 0.000000 0.000000 0.684181 0.729312
45.700000 17.087715 86.545319 0.000000 0.000000 0.000000 0.685423 0.728145
45.800000 17.263031 89.117819 0.000000 0.000000 0.000000 0.675900 0.736993
45.900000 17.423235 90.837443 0.000000 0.000000 0.000000 0.671021 0.741438
46.000000 17.550001 92.596066 0.000000 0.000000 0.000000 0.729037 0.684474
46.100000 17.444053 94.473218 0.000000 0.000000 0.000000 0.727222 0.686402
46.200000 17.513870 96.835214 0.000000 0.000000 0.000000 0.686604 0.727032
46.300000 17.679349 99.294260 0.000000 0.000000 0.000000 0.680687 0.732575
46.400000 16.410173 101.039595 0.000000 0.000000 0.000000 0.995027 0.099604
46.500000 13.896703 101.634379 0.000000 0.000000 0.000000 0.965597 0.260042
46.600000 13.547406 103.992108 0.000000 0.000000 0.000000 0.714749 0.699381
46.700000 13.478427 106.584560 0.000000 0.000000 0.000000 0.694807 0.719196
46.800000 13.721633 109.018801 0.000000 0.000000 0.000000 0.672576 0.740028
46.900000 13.939315 110.917138 0.000000 0.000000 0.000000 0.667937 0.744218
47.000000 14.398132 112.751809 0.000000 0.000000 0.000000 0.450325 0.892865
47.100000 15.854501 114.599033 0.000000 0.000000 0.000000 0.536052 0.844185
47.200000 16.471524 116.860321 0.000000 0.000000 0.000000 0.665363 0.746520
47.300000 16.669156 119.100386 0.000000 0.000000 0.000000 0.739647 0.672995
47.400000 15.104711 120.374587 0.000000 0.000000 0.000000 0.999269 0.038236
47.500000 12.773888 120.544270 0.000000 0.000000 0.000000 0.999706 0.024229
47.600000 10.223792 120.650583 0.000000 -0.000000 -0.000000 -0.999996 0.002870
47.700000 7.684837 121.066925 0.000000 0.000000 0.000000 0.996775 0.080249
47.800000 5.137125 121.537386 0.000000 0.000000 0.000000 0.997310 0.073303
47.900000 2.704151 121.883630 0.000000 0.000000 0.000000 0.998644 0.052061
48.000000 0.126120 122.142988 0.000000 0.000000 0.000000 0.999552 0.029921
48.100000 -2.447885 122.317701 0.000000 0.000000 0.000000 0.998832 0.048318
48.200000 -4.891364 122.560783 0.000000 0.000000 0.000000 0.998403 0.056487
48.300000 -7.454970 122.846580 0.000000 0.000000 0.000000 0.999102 0.042381
48.400000 -9.867209 123.173490 0.000000 0.000000 0.000000 0.997498 0.070691
48.500000 -12.418867 123.499885 0.000000 0.000000 0.000000 0.998810 0.048767
48.600000 -14.955351 123.852147 0.000000 0.000000 0.000000 0.993921 0.110099
48.700000 -17.342959 124.342655 0.000000 0.000000 0.000000 0.997432 0.071619
48.800000 -19.752142 124.684745 0.000000 0.000000 0.000000 0.998337 0.057641
48.900000 -22.299739 124.707076 0.000000 -0.000000 -0.000000 -0.991246 0.132030
49.000000 -24.546748 123.525735 0.000000 -0.000000 -0.000000 -0.928880 0.370382
49.100000 -26.211747 121.740353 0.000000 -0.000000 -0.000000 -0.929477 0.368881
49.200000 -28.170499 120.097884 0.000000 -0.000000 -0.000000 -0.939181 0.343423
49.300000 -29.879343 118.221490 0.000000 -0.000000 -0.000000 -0.812931 0.582360
49.400000 -30.229201 116.489003 0.000000 -0.000000 -0.000000 -0.613967 0.789332
49.500000 -30.586304 114.958233 0.000000 -0.000000 -0.000000 -0.999853 0.017155
49.600000 -30.512719 116.521693 0.000000 0.000000 0.000000 0.694105 0.719874
49.700000 -30.420954 114.995228 0.000000 -0.000000 -0.000000 -0.662764 0.748828
49.800000 -30.642816 112.451795 0.000000 -0.000000 -0.000000 -0.766823 0.641858
49.900000 -31.000696 110.041615 0.000000 -0.000000 -0.000000 -0.745620 0.666371
50.000000 -31.241889 107.607936 0.000000 -0.000000 -0.000000 -0.730710 0.682688
50.100000 -31.307545 105.041712 0.000000 -0.000000 -0.000000 -0.700244 0.713904
50.200000 -31.213983 102.472152 0.000000 -0.000000 -0.000000 -0.681250 0.732051
50.300000 -31.000296 100.045198 0.000000 -0.000000 -0.000000 -0.664736 0.747078
50.400000 -30.734331 97.811175 0.000000 -0.000000 -0.000000 -0.725450 0.688274
50.500000 -30.888042 95.493916 0.000000 -0.000000 -0.000000 -0.721561 0.692351
50.600000 -30.964893 93.056560 0.000000 -0.000000 -0.000000 -0.709351 0.704855
50.700000 -30.945931 90.488588 0.000000 -0.000000 -0.000000 -0.692335 0.721576
50.800000 -31.106437 87.920929 0.000000 -0.000000 -0.000000 -0.727697 0.685899
50.900000 -31.218254 85.480741 0.000000 -0.000000 -0.000000 -0.715361 0.698755
51.000000 -31.255825 82.909535 0.000000 -0.000000 -0.000000 -0.705148 0.709061
51.100000 -31.437675 80.493733 0.000000 -0.000000 -0.000000 -0.775729 0.631066
51.200000 -31.970823 77.976566 0.000000 -0.000000 -0.000000 -0.773021 0.634381
51.300000 -32.353665 75.426768 0.000000 -0.000000 -0.000000 -0.750690 0.660654
51.400000 -32.627241 73.011819 0.000000 -0.000000 -0.000000 -0.725592 0.688126
51.500000 -32.188634 70.484436 0.000000 -0.000000 -0.000000 -0.616549 0.787317
51.600000 -31.753180 68.087290 0.000000 -0.000000 -0.000000 -0.680742 0.732523
51.700000 -31.869869 65.606382 0.000000 -0.000000 -0.000000 -0.738874 0.673844
51.800000 -32.098206 63.079970 0.000000 -0.000000 -0.000000 -0.736630 0.676295
51.900000 -32.279704 60.525547 0.000000 -0.000000 -0.000000 -0.722836 0.691020
52.000000 -32.391463 58.083083 0.000000 -0.000000 -0.000000 -0.720065 0.693907
52.100000 -32.468866 55.734066 0.000000 -0.000000 -0.000000 -0.716396 0.697694
52.200000 -32.505415 53.172974 0.000000 -0.000000 -0.000000 -0.708092 0.706121
52.300000 -32.554542 50.604422 0.000000 -0.000000 -0.000000 -0.737332 0.675531
52.400000 -32.860413 48.180849 0.000000 -0.000000 -0.000000 -0.746346 0.665558
52.500000 -33.123976 45.627993 0.000000 -0.000000 -0.000000 -0.736236 0.676725
52.600000 -33.320512 43.067082 0.000000 -0.000000 -0.000000 -0.726720 0.686934
52.700000 -33.439855 40.624819 0.000000 -0.000000 -0.000000 -0.718229 0.695807
52.800000 -33.547099 38.056054 0.000000 -0.000000 -0.000000 -0.735769 0.677233
52.900000 -33.815319 35.633073 0.000000 -0.000000 -0.000000 -0.742441 0.669912
53.000000 -34.081327 33.189969 0.000000 -0.000000 -0.000000 -0.744697 0.667403
53.100000 -34.322969 30.764233 0.000000 -0.000000 -0.000000 -0.735194 0.677857
53.200000 -34.521042 28.193914 0.000000 -0.000000 -0.000000 -0.725406 0.688321
53.300000 -34.652253 25.762167 0.000000 -0.000000 -0.000000 -0.724254 0.689533
53.400000 -34.872364 23.299838 0.000000 -0.000000 -0.000000 -0.801369 0.598171
53.500000 -36.591523 21.637509 0.000000 -0.000000 -0.000000 -0.997630 0.068800
53.600000 -39.148399 21.628858 0.000000 0.000000 0.000000 0.999912 0.013232
53.700000 -41.579854 21.778114 0.000000 0.000000 0.000000 0.998616 0.052587
53.800000 -43.945495 22.133459 0.000000 0.000000 0.000000 0.995984 0.089528
53.900000 -46.140851 22.839045 0.000000 0.000000 0.000000 0.972863 0.231383
54.000000 -47.523331 21.949644 0.000000 -0.000000 -0.000000 -0.388067 0.921631
54.100000 -45.463138 21.930420 0.000000 -0.000000 -0.000000 -0.004729 0.999989
54.200000 -42.718060 21.881795 0.000000 0.000000 0.000000 0.003775 0.999993
54.300000 -40.149917 21.485540 0.000000 -0.000000 -0.000000 -0.131233 0.991352
54.400000 -37.518725 20.717953 0.000000 -0.000000 -0.000000 -0.049354 0.998781
54.500000 -34.781347 20.518568 0.000000 -0.000000 -0.000000 -0.020014 0.999800
54.600000 -32.198928 20.269863 0.000000 -0.000000 -0.000000 -0.217143 0.976140
54.700000 -29.944585 18.838059 0.000000 -0.000000 -0.000000 -0.072841 0.997344
54.800000 -27.349828 18.545093 0.000000 0.000000 0.000000 0.126203 0.992004
54.900000 -27.848655 19.255348 0.000000 -0.000000 -0.000000 -0.975279 0.220978
55.000000 -30.011640 19.414205 0.000000 0.000000 0.000000 0.996070 0.088565
55.100000 -32.359108 19.924656 0.000000 0.000000 0.000000 0.992980 0.118279
55.200000 -34.550935 20.544900 0.000000 0.000000 0.000000 0.988825 0.149080
55.300000 -36.872465 21.144161 0.000000 0.000000 0.000000 0.992433 0.122784
55.400000 -39.215218 21.644219 0.000000 0.000000 0.000000 0.999917 0.012858
55.500000 -41.602991 21.802051 0.000000 0.000000 0.000000 0.997266 0.073901
55.600000 -43.639552 21.811114 0.000000 0.000000 0.000000 0.999998 0.002174
55.700000 -46.012119 22.112782 0.000000 0.000000 0.000000 0.995865 0.090848
55.800000 -48.360168 22.619361 0.000000 0.000000 0.000000 0.993289 0.115660
55.900000 -50.674550 23.257226 0.000000 0.000000 0.000000 0.989689 0.143230
56.000000 -52.879631 23.817622 0.000000 0.000000 0.000000 0.997776 0.066654
56.100000 -55.258640 24.154996 0.000000 0.000000 0.000000 0.996852 0.079281
56.200000 -57.514495 24.472789 0.000000 0.000000 0.000000 0.998284 0.058560
56.300000 -59.891776 24.782041 0.000000 0.000000 0.000000 0.997378 0.072363
56.400000 -62.263917 25.170475 0.000000 0.000000 0.000000 0.996070 0.088573
56.500000 -64.562237 25.659068 0.000000 0.000000 0.000000 0.994353 0.106124
56.600000 -66.964941 26.247410 0.000000 0.000000 0.000000 0.992846 0.119405
56.700000 -69.243627 26.817053 0.000000 0.000000 0.000000 0.992880 0.119122
56.800000 -71.554306 27.424549 0.000000 0.000000 0.000000 0.992007 0.126182
56.900000 -73.914500 28.008584 0.000000 0.000000 0.000000 0.997754 0.066990
57.000000 -76.357232 28.388307 0.000000 0.000000 0.000000 0.996757 0.080474
57.100000 -78.777964 28.901673 0.000000 0.000000 0.000000 0.994683 0.102982
57.200000 -81.064091 29.413678 0.000000 0.000000 0.000000 0.997451 0.071357
57.300000 -83.472685 29.623120 0.000000 0.000000 0.000000 0.991886 0.127127
57.400000 -85.791712 30.213670 0.000000 0.000000 0.000000 0.990182 0.139782
57.500000 -88.097844 30.881279 0.000000 0.000000 0.000000 0.987995 0.154483
57.600000 -90.277474 31.553869 0.000000 0.000000 0.000000 0.992592 0.121493
57.700000 -91.516393 29.719836 0.000000 -0.000000 -0.000000 -0.780125 0.625624
57.800000 -91.970191 27.111968 0.000000 -0.000000 -0.000000 -0.835958 0.548793
57.900000 -93.847006 25.841428 0.000000 -0.000000 -0.000000 -0.998789 0.049194
58.000000 -96.356235 26.206068 0.000000 0.000000 0.000000 0.999027 0.044096
58.100000 -97.679522 24.324742 0.000000 -0.000000 -0.000000 -0.810060 0.586348
58.200000 -98.190157 21.782765 0.000000 -0.000000 -0.000000 -0.781042 0.624479
58.300000 -98.603353 19.761006 0.000000 -0.000000 -0.000000 -0.769385 0.638785
58.400000 -99.371640 18.467777 0.000000 0.000000 0.000000 0.986824 0.161800
58.500000 -99.083103 19.927858 0.000000 0.000000 0.000000 0.485204 0.874401
58.600000 -98.510831 21.659242 0.000000 0.000000 0.000000 0.670679 0.741748
58.700000 -98.124503 24.181835 0.000000 0.000000 0.000000 0.642735 0.766088
58.800000 -97.280304 26.427798 0.000000 0.000000 0.000000 0.205212 0.978718
58.900000 -94.750772 26.654218 0.000000 0.000000 0.000000 0.024860 0.999691
59.000000 -92.838926 27.825542 0.000000 0.000000 0.000000 0.522243 0.852797
59.100000 -91.987777 29.995924 0.000000 0.000000 0.000000 0.599284 0.800537
59.200000 -92.738012 31.446691 0.000000 0.000000 0.000000 0.958234 0.285984
59.300000 -94.485292 32.053644 0.000000 0.000000 0.000000 0.995251 0.097346
59.400000 -96.467792 32.459752 0.000000 0.000000 0.000000 0.995146 0.098414
59.500000 -98.959171 32.981138 0.000000 0.000000 0.000000 0.994348 0.106173
59.600000 -101.748962 33.408512 0.000000 0.000000 0.000000 0.999796 0.020212
59.700000 -104.704003 33.649267 0.000000 0.000000 0.000000 0.999669 0.025714
59.800000 -107.665552 33.916987 0.000000 0.000000 0.000000 0.999564 0.029543
59.900000 -110.481618 34.194581 0.000000 0.000000 0.000000 0.999444 0.033330
60.000000 -113.426426 34.496948 0.000000 0.000000 0.000000 0.999350 0.036037
60.100000 -116.244036 34.792225 0.000000 0.000000 0.000000 0.999885 0.015172
60.200000 -119.052511 34.866366 0.000000 0.000000 0.000000 0.998656 0.051824
60.300000 -121.940416 35.602427 0.000000 0.000000 0.000000 0.991521 0.129948
60.400000 -124.823793 36.314753 0.000000 0.000000 0.000000 0.996786 0.080114
60.500000 -127.611679 36.828964 0.000000 0.000000 0.000000 0.996764 0.080387
60.600000 -130.298539 36.970065 0.000000 -0.000000 -0.000000 -0.999795 0.020247
60.700000 -132.995153 36.782909 0.000000 -0.000000 -0.000000 -0.999802 0.019905
60.800000 -135.705550 36.652830 0.000000 0.000000 0.000000 0.999995 0.003220
60.900000 -138.395703 36.649674 0.000000 0.000000 0.000000 0.996039 0.088915
61.000000 -140.935285 37.017268 0.000000 0.000000 0.000000 0.995492 0.094848
61.100000 -143.581462 37.420376 0.000000 0.000000 0.000000 0.995045 0.099427
61.200000 -146.128090 37.855550 0.000000 0.000000 0.000000 0.993837 0.110849
61.300000 -148.728856 38.335690 0.000000 0.000000 0.000000 0.993133 0.116991
61.400000 -151.244210 38.952378 0.000000 0.000000 0.000000 0.993164 0.116726
61.500000 -153.635107 39.549411 0.000000 0.000000 0.000000 0.994660 0.103206
61.600000 -156.170273 39.970263 0.000000 0.000000 0.000000 0.999763 0.021749
61.700000 -158.697045 40.273872 0.000000 0.000000 0.000000 0.955578 0.294739
61.800000 -158.630678 42.216478 0.000000 0.000000 0.000000 0.251563 0.967841
61.900000 -157.872525 44.344794 0.000000 0.000000 0.000000 0.651710 0.758469
62.000000 -157.449732 46.753763 0.000000 0.000000 0.000000 0.662495 0.749066
62.100000 -157.704213 49.320617 0.000000 0.000000 0.000000 0.754525 0.656271
62.200000 -157.785022 51.905417 0.000000 0.000000 0.000000 0.696880 0.717188
62.300000 -157.643033 54.353782 0.000000 0.000000 0.000000 0.676403 0.736532
62.400000 -157.347739 56.908943 0.000000 0.000000 0.000000 0.655623 0.755089
62.500000 -156.903708 59.462215 0.000000 0.000000 0.000000 0.632378 0.774660
62.600000 -156.494699 61.880297 0.000000 0.000000 0.000000 0.661286 0.750134
62.700000 -156.100910 64.426108 0.000000 0.000000 0.000000 0.640090 0.768300
62.800000 -155.584530 66.963629 0.000000 0.000000 0.000000 0.651018 0.759063
62.900000 -155.399668 69.537846 0.000000 0.000000 0.000000 0.687083 0.726579
63.000000 -155.203317 71.984288 0.000000 0.000000 0.000000 0.671827 0.740708
63.100000 -154.891452 74.535008 0.000000 0.000000 0.000000 0.653211 0.757176
63.200000 -154.456753 77.090726 0.000000 0.000000 0.000000 0.636359 0.771393
63.300000 -153.939135 79.482175 0.000000 0.000000 0.000000 0.620159 0.784476
63.400000 -153.596888 82.037787 0.000000 0.000000 0.000000 0.696253 0.717796
63.500000 -153.503044 84.488280 0.000000 0.000000 0.000000 0.690662 0.723178
63.600000 -153.333410 87.069350 0.000000 0.000000 0.000000 0.678351 0.734738
63.700000 -153.091652 89.636467 0.000000 0.000000 0.000000 0.667971 0.744187
63.800000 -152.762869 92.205586 0.000000 0.000000 0.000000 0.654963 0.755661
63.900000 -152.341506 94.750473 0.000000 0.000000 0.000000 0.641911 0.766779
64.000000 -151.838878 97.284424 0.000000 0.000000 0.000000 0.626996 0.779022
64.100000 -151.405375 99.689772 0.000000 0.000000 0.000000 0.662198 0.749329
64.200000 -151.053404 102.254699 0.000000 0.000000 0.000000 0.653461 0.756960
64.300000 -150.644651 104.800814 0.000000 0.000000 0.000000 0.642691 0.766126
64.400000 -150.162876 107.329927 0.000000 0.000000 0.000000 0.643940 0.765076
64.500000 -149.880304 109.767397 0.000000 0.000000 0.000000 0.667163 0.744912
64.600000 -149.567957 112.333438 0.000000 0.000000 0.000000 0.659869 0.751380
64.700000 -149.200041 114.898287 0.000000 0.000000 0.000000 0.653719 0.756738
64.800000 -148.787130 117.450603 0.000000 0.000000 0.000000 0.643950 0.765068
64.900000 -148.508058 119.882319 0.000000 0.000000 0.000000 0.692320 0.721591
65.000000 -148.363478 122.461135 0.000000 0.000000 0.000000 0.685977 0.727623
65.100000 -147.849944 124.953046 0.000000 0.000000 0.000000 0.568491 0.822690
65.200000 -146.905268 127.382917 0.000000 0.000000 0.000000 0.580637 0.814163
65.300000 -146.297606 129.757636 0.000000 0.000000 0.000000 0.621234 0.783625
65.400000 -145.824563 132.163673 0.000000 0.000000 0.000000 0.646581 0.762845
65.500000 -145.394393 134.704770 0.000000 0.000000 0.000000 0.641196 0.767377
65.600000 -144.925032 137.260353 0.000000 0.000000 0.000000 0.636941 0.770913
65.700000 -145.328114 138.909457 0.000000 0.000000 0.000000 0.876680 0.481074
65.800000 -146.313558 140.433551 0.000000 0.000000 0.000000 0.894510 0.447048
65.900000 -147.487139 142.057456 0.000000 0.000000 0.000000 0.884125 0.467250
66.000000 -149.008740 144.155818 0.000000 0.000000 0.000000 0.910548 0.413404
66.100000 -150.932298 145.827185 0.000000 0.000000 0.000000 0.979189 0.202952
66.200000 -153.425660 146.495983 0.000000 0.000000 0.000000 0.992847 0.119394
66.300000 -155.845715 147.056303 0.000000 0.000000 0.000000 0.995510 0.094658
66.400000 -158.145298 147.465318 0.000000 0.000000 0.000000 0.997596 0.069297
66.500000 -160.700347 147.805793 0.000000 0.000000 0.000000 0.999123 0.041872
66.600000 -163.113112 148.249541 0.000000 0.000000 0.000000 0.996755 0.080491
66.700000 -165.672274 148.637061 0.000000 0.000000 0.000000 0.997894 0.064869
66.800000 -168.019475 149.283804 0.000000 0.000000 0.000000 0.980428 0.196879
66.900000 -170.250497 150.004550 0.000000 0.000000 0.000000 0.991584 0.129467
67.000000 -172.248631 150.561185 0.000000 0.000000 0.000000 0.994354 0.106116
67.100000 -174.272604 150.957105 0.000000 0.000000 0.000000 0.999242 0.038927
67.200000 -176.429098 151.151619 0.000000 0.000000 0.000000 0.996923 0.078386
67.300000 -178.265752 151.417858 0.000000 0.000000 0.000000 0.998442 0.055804
67.400000 -180.419007 151.794537 0.000000 0.000000 0.000000 0.989152 0.146898
67.500000 -182.799741 152.517104 0.000000 0.000000 0.000000 0.991070 0.133339
67.600000 -185.165446 153.170319 0.000000 0.000000 0.000000 0.991934 0.126754
67.700000 -187.667479 153.812191 0.000000 0.000000 0.000000 0.993572 0.113201
67.800000 -190.177341 154.413177 0.000000 0.000000 0.000000 0.994181 0.107721
67.900000 -191.947924 154.528441 0.000000 -0.000000 -0.000000 -0.971463 0.237193
68.000000 -193.029920 153.081881 0.000000 -0.000000 -0.000000 -0.767865 0.640612
68.100000 -193.452575 150.595606 0.000000 -0.000000 -0.000000 -0.750487 0.660886
68.200000 -193.327984 148.193923 0.000000 -0.000000 -0.000000 -0.734214 0.678918
68.300000 -193.514628 146.042418 0.000000 -0.000000 -0.000000 -0.724664 0.689103
68.400000 -193.608478 144.421742 0.000000 -0.000000 -0.000000 -0.757178 0.653208
68.500000 -194.643397 142.121669 0.000000 -0.000000 -0.000000 -0.755631 0.654998
68.600000 -194.902078 139.582730 0.000000 -0.000000 -0.000000 -0.727007 0.686630
68.700000 -195.038612 137.149513 0.000000 -0.000000 -0.000000 -0.715445 0.698669
68.800000 -195.126228 134.590255 0.000000 -0.000000 -0.000000 -0.726540 0.687124
68.900000 -195.228135 132.166236 0.000000 -0.000000 -0.000000 -0.706618 0.707595
69.000000 -195.500182 129.617215 0.000000 -0.000000 -0.000000 -0.753359 0.657610
69.100000 -195.808281 127.202383 0.000000 -0.000000 -0.000000 -0.739903 0.672713
69.200000 -196.182273 124.675076 0.000000 -0.000000 -0.000000 -0.801404 0.598123
69.300000 -196.868602 122.339924 0.000000 -0.000000 -0.000000 -0.785517 0.618840
69.400000 -197.351009 119.821794 0.000000 -0.000000 -0.000000 -0.760056 0.649858
69.500000 -197.992751 117.349793 0.000000 -0.000000 -0.000000 -0.790263 0.612768
69.600000 -198.215509 114.937063 0.000000 -0.000000 -0.000000 -0.688116 0.725600
69.700000 -198.082086 112.515820 0.000000 -0.000000 -0.000000 -0.678402 0.734690
69.800000 -198.777598 110.312478 0.000000 -0.000000 -0.000000 -0.841385 0.540436
69.900000 -199.082196 108.638225 0.000000 -0.000000 -0.000000 -0.747065 0.664751
70.000000 -199.570065 107.048322 0.000000 -0.000000 -0.000000 -0.696971 0.717099
70.100000 -199.053198 105.470578 0.000000 -0.000000 -0.000000 -0.505873 0.862608
70.200000 -197.989442 104.423600 0.000000 -0.000000 -0.000000 -0.273313 0.961925
70.300000 -197.136508 102.913819 0.000000 -0.000000 -0.000000 -0.697165 0.716911
70.400000 -198.853499 101.641381 0.000000 -0.000000 -0.000000 -0.947127 0.320858
70.500000 -200.395445 99.692527 0.000000 -0.000000 -0.000000 -0.781517 0.623883
70.600000 -200.768771 97.301176 0.000000 -0.000000 -0.000000 -0.745851 0.666113
70.700000 -200.996466 94.879052 0.000000 -0.000000 -0.000000 -0.726864 0.686781
70.800000 -201.141751 92.322431 0.000000 -0.000000 -0.000000 -0.738681 0.674055
70.900000 -201.585117 89.890167 0.000000 -0.000000 -0.000000 -0.762397 0.647110
71.000000 -201.988881 87.397902 0.000000 -0.000000 -0.000000 -0.759137 0.650930
71.100000 -202.618725 84.918765 0.000000 -0.000000 -0.000000 -0.760424 0.649426
71.200000 -203.138541 82.425876 0.000000 -0.000000 -0.000000 -0.820611 0.571488
71.300000 -203.688750 80.061305 0.000000 -0.000000 -0.000000 -0.755572 0.655065
71.400000 -204.090230 77.534750 0.000000 -0.000000 -0.000000 -0.759530 0.650473
71.500000 -204.428448 74.987308 0.000000 -0.000000 -0.000000 -0.700625 0.713530
71.600000 -204.372705 72.436849 0.000000 -0.000000 -0.000000 -0.688046 0.725667
71.700000 -204.254147 70.005792 0.000000 -0.000000 -0.000000 -0.709400 0.704806
71.800000 -204.427212 67.452032 0.000000 -0.000000 -0.000000 -0.723960 0.689842
71.900000 -204.911025 64.938593 0.000000 -0.000000 -0.000000 -0.787163 0.616745
72.000000 -205.510014 62.584671 0.000000 -0.000000 -0.000000 -0.782919 0.622123
72.100000 -205.904056 60.060205 0.000000 -0.000000 -0.000000 -0.701519 0.712651
72.200000 -206.385945 57.691395 0.000000 -0.000000 -0.000000 -0.779590 0.626290
72.300000 -206.414750 55.419562 0.000000 -0.000000 -0.000000 -0.700344 0.713805
72.400000 -206.575578 53.562425 0.000000 -0.000000 -0.000000 -0.754872 0.655872
72.500000 -206.839996 51.420566 0.000000 -0.000000 -0.000000 -0.622919 0.782287
72.600000 -205.435921 50.437722 0.000000 -0.000000 -0.000000 -0.071458 0.997444
72.700000 -203.058137 50.117287 0.000000 -0.000000 -0.000000 -0.056942 0.998378
72.800000 -200.645752 49.826377 0.000000 -0.000000 -0.000000 -0.091592 0.995797
72.900000 -198.125401 49.393994 0.000000 -0.000000 -0.000000 -0.073136 0.997322
73.000000 -195.575918 49.039725 0.000000 -0.000000 -0.000000 -0.101107 0.994876
73.100000 -193.091930 48.437494 0.000000 -0.000000 -0.000000 -0.151333 0.988483
73.200000 -190.723716 47.468762 0.000000 -0.000000 -0.000000 -0.181467 0.983397
73.300000 -188.434231 46.644137 0.000000 -0.000000 -0.000000 -0.154960 0.987921
73.400000 -185.983688 45.913801 0.000000 -0.000000 -0.000000 -0.123947 0.992289
73.500000 -183.483094 45.327749 0.000000 -0.000000 -0.000000 -0.099326 0.995055
73.600000 -181.086621 44.891996 0.000000 -0.000000 -0.000000 -0.074851 0.997195
73.700000 -178.555801 44.508016 0.000000 -0.000000 -0.000000 -0.098306 0.995156
73.800000 -176.164849 44.072773 0.000000 -0.000000 -0.000000 -0.076538 0.997067
73.900000 -173.659075 43.537715 0.000000 -0.000000 -0.000000 -0.123501 0.992344
74.000000 -171.163066 42.944600 0.000000 -0.000000 -0.000000 -0.102430 0.994740
74.100000 -168.784137 42.450042 0.000000 -0.000000 -0.000000 -0.086548 0.996248
74.200000 -166.379167 41.566287 0.000000 -0.000000 -0.000000 -0.177449 0.984130
74.300000 -163.962816 40.723798 0.000000 -0.000000 -0.000000 -0.150668 0.988584
74.400000 -161.497105 40.079206 0.000000 0.000000 0.000000 0.033143 0.999451
74.500000 -159.022605 40.690496 0.000000 0.000000 0.000000 0.265804 0.964027
74.600000 -157.992114 42.316263 0.000000 0.000000 0.000000 0.687390 0.726289
74.700000 -159.034502 42.695675 0.000000 -0.000000 -0.000000 -0.692018 0.721880
74.800000 -158.379813 41.199764 0.000000 -0.000000 -0.000000 -0.732869 0.680370
74.900000 -158.050228 39.628731 0.000000 -0.000000 -0.000000 -0.261195 0.965286
75.000000 -156.202720 39.254978 0.000000 -0.000000 -0.000000 -0.070862 0.997486
75.100000 -153.775310 39.210315 0.000000 0.000000 0.000000 0.047626 0.998865
75.200000 -151.229225 39.501133 0.000000 0.000000 0.000000 0.071757 0.997422
75.300000 -148.684966 39.783743 0.000000 -0.000000 -0.000000 -0.053573 0.998564
75.400000 -146.430784 39.367226 0.000000 -0.000000 -0.000000 -0.055099 0.998481
75.500000 -144.060468 38.929067 0.000000 -0.000000 -0.000000 -0.095814 0.995399
75.600000 -141.704631 38.356389 0.000000 -0.000000 -0.000000 -0.082917 0.996556
75.700000 -139.339127 37.875059 0.000000 -0.000000 -0.000000 -0.059141 0.998250
75.800000 -137.078994 37.533374 0.000000 -0.000000 -0.000000 -0.033588 0.999436
75.900000 -134.812194 37.309532 0.000000 -0.000000 -0.000000 -0.014903 0.999889
76.000000 -132.406412 37.165384 0.000000 0.000000 0.000000 0.011333 0.999936
76.100000 -130.016835 36.944347 0.000000 -0.000000 -0.000000 -0.065457 0.997855
76.200000 -127.783929 36.411379 0.000000 -0.000000 -0.000000 -0.083759 0.996486
76.300000 -125.676149 36.109708 0.000000 -0.000000 -0.000000 -0.070747 0.997494
76.400000 -123.639089 35.873316 0.000000 -0.000000 -0.000000 -0.063213 0.998000
76.500000 -121.545107 35.676494 0.000000 -0.000000 -0.000000 -0.050414 0.998728
76.600000 -119.531734 35.548716 0.000000 -0.000000 -0.000000 -0.043203 0.999066
76.700000 -117.399283 35.405616 0.000000 -0.000000 -0.000000 -0.056952 0.998377
76.800000 -115.391353 35.177743 0.000000 -0.000000 -0.000000 -0.085978 0.996297
76.900000 -113.287677 34.867137 0.000000 -0.000000 -0.000000 -0.072999 0.997332
77.000000 -111.169831 34.629813 0.000000 -0.000000 -0.000000 -0.062487 0.998046
77.100000 -109.232768 34.454792 0.000000 -0.000000 -0.000000 -0.058499 0.998287
77.200000 -107.116614 34.253756 0.000000 -0.000000 -0.000000 -0.087430 0.996171
77.300000 -105.010317 33.922791 0.000000 -0.000000 -0.000000 -0.084165 0.996452
77.400000 -102.903405 33.612900 0.000000 -0.000000 -0.000000 -0.082122 0.996622
77.500000 -100.907427 33.319843 0.000000 -0.000000 -0.000000 -0.084855 0.996393
77.600000 -98.818203 32.936930 0.000000 -0.000000 -0.000000 -0.093078 0.995659
77.700000 -96.440431 32.500985 0.000000 -0.000000 -0.000000 -0.078863 0.996885
77.800000 -93.920614 32.101269 0.000000 -0.000000 -0.000000 -0.067037 0.997750
77.900000 -91.401362 31.758055 0.000000 -0.000000 -0.000000 -0.060434 0.998172
78.000000 -89.027710 31.305220 0.000000 -0.000000 -0.000000 -0.093969 0.995575
78.100000 -86.541275 30.800057 0.000000 -0.000000 -0.000000 -0.093434 0.995625
78.200000 -84.122505 30.349262 0.000000 -0.000000 -0.000000 -0.079426 0.996841
78.300000 -81.664775 29.859102 0.000000 -0.000000 -0.000000 -0.113930 0.993489
78.400000 -79.182812 29.285654 0.000000 -0.000000 -0.000000 -0.107353 0.994221
78.500000 -76.824139 28.778565 0.000000 -0.000000 -0.000000 -0.096303 0.995352
78.600000 -74.452125 28.307438 0.000000 -0.000000 -0.000000 -0.092424 0.995720
78.700000 -71.949909 27.844815 0.000000 -0.000000 -0.000000 -0.082956 0.996553
78.800000 -69.442466 27.416008 0.000000 -0.000000 -0.000000 -0.077046 0.997028
78.900000 -66.926322 27.014194 0.000000 -0.000000 -0.000000 -0.073969 0.997261
79.000000 -64.409530 26.644037 0.000000 -0.000000 -0.000000 -0.064832 0.997896
79.100000 -62.047096 26.142099 0.000000 -0.000000 -0.000000 -0.110329 0.993895
79.200000 -59.542958 25.559915 0.000000 -0.000000 -0.000000 -0.111402 0.993775
79.300000 -57.039480 24.969085 0.000000 -0.000000 -0.000000 -0.114412 0.993433
79.400000 -54.658672 24.404078 0.000000 -0.000000 -0.000000 -0.111865 0.993723
79.500000 -52.156344 23.817443 0.000000 -0.000000 -0.000000 -0.110142 0.993916
79.600000 -49.777343 23.250972 0.000000 -0.000000 -0.000000 -0.114072 0.993473
79.700000 -47.271320 22.646427 0.000000 -0.000000 -0.000000 -0.115111 0.993353
79.800000 -44.770734 22.052845 0.000000 -0.000000 -0.000000 -0.092107 0.995749
79.900000 -42.353280 21.697901 0.000000 -0.000000 -0.000000 -0.092395 0.995722
80.000000 -39.830709 21.197603 0.000000 -0.000000 -0.000000 -0.093998 0.995572
80.100000 -37.448048 20.689061 0.000000 -0.000000 -0.000000 -0.123920 0.992292
80.200000 -34.948920 20.045062 0.000000 -0.000000 -0.000000 -0.120871 0.992668
80.300000 -32.892777 19.524367 0.000000 -0.000000 -0.000000 -0.123738 0.992315
80.400000 -30.998840 19.040381 0.000000 -0.000000 -0.000000 -0.123218 0.992380
80.500000 -28.507643 18.385718 0.000000 -0.000000 -0.000000 -0.125617 0.992079
80.600000 -26.101983 17.750600 0.000000 -0.000000 -0.000000 -0.125319 0.992116
80.700000 -23.653828 17.104691 0.000000 -0.000000 -0.000000 -0.127024 0.991900
