0.000000 -0.017695 0.012452 -0.037789 0.005716 -0.001940 0.002532 0.999979
0.100000 0.937989 0.028348 -0.099511 0.317302 -0.212236 0.149525 0.912095
0.200000 1.698688 -0.062424 -0.414824 -0.457453 0.239237 0.841308 -0.160324
0.300000 2.611447 0.078209 -0.690946 -0.162291 0.728513 -0.617639 0.247895
0.400000 3.597790 0.165926 -1.068503 -0.221242 -0.228289 -0.462437 0.827700
0.500000 3.559017 1.029508 -0.909354 0.052927 0.631541 0.771463 -0.056565
0.600000 2.582070 1.145304 -0.570827 0.555640 -0.360792 0.719878 0.207046
0.700000 1.748573 1.024560 -0.430827 0.281023 0.231818 0.883201 0.295370
0.800000 0.831689 0.980068 -0.206740 0.453953 -0.072839 0.744432 0.484193
0.900000 -0.210131 1.143998 0.035778 -0.329865 0.592232 -0.495293 0.543263
1.000000 -0.181004 2.155178 0.354978 -0.183350 -0.539354 0.812335 0.124869
1.100000 0.766181 2.001020 -0.117151 0.707444 0.194114 -0.093701 0.673100
1.200000 1.795305 2.071841 -0.266514 0.100357 -0.289570 -0.328554 0.893381
1.300000 2.743555 2.274594 -0.499992 0.405928 0.251409 -0.629511 0.612970
1.400000 3.591790 2.167416 -0.717298 0.308009 -0.517842 0.520406 0.605101
1.500000 3.718112 3.098304 -0.598716 -0.048994 -0.453859 0.834765 0.307862
1.600000 2.741772 3.154192 -0.367768 -0.055710 0.338795 0.564737 0.750457
1.700000 1.659461 3.098309 -0.210236 0.663954 -0.258242 0.146829 0.686234
1.800000 0.755455 3.078112 0.156961 -0.366534 0.648063 -0.340881 0.573993
1.900000 -0.196845 3.145575 0.445171 -0.618890 0.231625 -0.357428 0.659977
2.000000 -0.181763 4.076599 0.487397 0.149871 0.059184 0.471083 0.867247
2.100000 0.792058 4.095770 0.208948 0.325326 0.729940 0.304142 0.518506
2.200000 1.778914 4.102264 -0.015960 0.633340 -0.485252 0.553584 -0.238654
2.300000 2.834128 4.209110 -0.362783 0.211383 -0.335051 -0.689504 0.606335
2.400000 3.862615 4.225545 -0.429296 -0.118931 0.329001 0.871681 -0.343201
2.500000 3.996534 4.002108 0.584262 0.109270 0.113156 0.027974 0.987154
2.600000 3.007451 3.846368 0.662423 -0.270114 -0.285034 0.889834 0.232357
2.700000 1.958219 3.830524 0.829260 -0.287255 0.105840 0.839887 -0.448188
2.800000 1.079017 3.807080 1.200688 0.414848 0.013285 0.130258 0.900421
2.900000 0.158135 3.727974 1.450186 -0.558984 -0.190393 0.684702 -0.427165
3.000000 0.130818 2.971481 1.385553 0.433551 0.200689 0.441391 0.759560
3.100000 1.042710 3.006199 1.097577 0.073540 0.569537 -0.206740 0.792135
3.200000 2.085037 2.925580 0.751429 -0.502952 -0.257635 0.578510 0.588208
3.300000 2.959691 2.769477 0.493908 0.039751 -0.161855 0.929369 -0.329387
3.400000 4.049709 3.055522 0.326651 0.306893 -0.125103 -0.300648 0.894302
3.500000 3.931099 2.043298 0.137792 -0.361430 0.342156 0.867263 0.012318
3.600000 2.936681 2.030431 0.309045 -0.263501 -0.063824 0.950500 0.151800
3.700000 1.929759 1.872569 0.627272 0.024497 0.194570 0.979495 0.046172
3.800000 0.937174 2.034845 0.953110 0.031606 -0.260867 0.377428 0.887974
3.900000 0.133503 1.974980 1.184982 -0.393679 0.237464 0.862662 -0.210815
4.000000 -0.039985 0.847265 0.918593 -0.226382 0.055162 -0.643407 0.729202
4.100000 0.931148 0.983263 0.768313 -0.507192 -0.054438 -0.421822 0.749573
4.200000 1.922201 0.846358 0.457470 -0.519518 0.263966 0.298992 0.755663
4.300000 2.891705 0.917026 0.189574 0.356228 -0.238437 -0.027532 0.903046
4.400000 3.889071 0.926063 -0.009827 -0.104768 0.523031 0.729881 0.427477
4.500000 3.829765 -0.071043 -0.018092 0.223552 -0.418364 0.747680 0.464727
4.600000 2.969230 -0.119802 0.166624 0.037719 0.131454 0.947573 -0.288797
4.700000 1.932252 -0.125704 0.380511 0.330965 -0.421565 0.640645 0.549836
4.800000 0.943284 -0.138708 0.743242 -0.596909 -0.115902 -0.387576 0.692857
4.900000 -0.067578 -0.211491 0.936161 0.462054 0.164666 0.871425 0.003050
5.000000 0.158441 -0.128960 1.777658 0.065684 0.071300 -0.022505 0.995035
5.100000 1.115918 -0.183399 1.561711 -0.377254 -0.317930 0.866993 -0.070162
5.200000 2.229483 -0.205302 1.374650 0.195996 0.140526 -0.775740 0.583151
5.300000 3.088934 -0.346753 1.166983 0.000970 -0.432627 0.820506 0.373634
5.400000 4.117863 -0.139753 1.017456 -0.229523 -0.160604 0.959019 -0.042527
5.500000 4.153868 0.799172 0.981424 -0.197043 -0.580637 0.424603 0.666143
5.600000 3.248609 0.724183 1.117625 0.462458 0.426292 -0.436141 0.643575
5.700000 2.224968 0.745729 1.490033 0.579148 0.266056 0.737461 0.223500
5.800000 1.247176 0.874245 1.742868 -0.133089 -0.363764 0.234732 0.891551
5.900000 0.198934 0.885116 1.873331 -0.151212 0.315942 0.386018 0.853408
6.000000 0.253708 1.865393 2.079938 -0.102120 0.042179 0.992839 0.045424
6.100000 1.215332 1.818435 1.872990 0.079430 0.084891 0.084291 0.989636
6.200000 2.223520 1.763491 1.525237 0.140458 0.691217 0.582531 0.403917
6.300000 3.241258 1.786564 1.222599 -0.226340 -0.519475 0.811877 0.140610
6.400000 4.076805 1.789921 1.122918 -0.034640 -0.099960 0.984601 -0.139173
6.500000 4.103099 2.810431 1.267252 -0.334443 -0.514034 0.765646 -0.194173
6.600000 3.146847 2.766474 1.439266 0.216434 -0.096763 0.871034 -0.430223
6.700000 2.292790 2.692661 1.747232 0.691673 -0.117027 0.226855 0.675596
6.800000 1.261827 2.851896 2.045581 0.330169 0.417215 -0.097424 0.841088
6.900000 0.322070 2.785359 2.319553 -0.024200 0.044709 0.322714 0.945130
7.000000 0.354792 3.753219 2.431236 -0.028671 -0.192438 0.957776 0.211685
7.100000 1.340644 3.751455 2.085870 0.513079 -0.202235 0.760744 0.342226
7.200000 2.203315 3.837734 1.889276 0.098295 0.117747 0.955702 0.251212
7.300000 3.182073 3.844962 1.710975 -0.230660 -0.321012 -0.066056 0.916179
7.400000 4.297220 3.809046 1.518414 -0.064497 0.352904 0.919125 0.162811
7.500000 4.485322 3.668071 2.477654 0.108326 -0.013695 -0.016131 0.993890
7.600000 3.464273 3.659587 2.568515 0.034435 -0.617632 0.636247 0.461015
7.700000 2.506241 3.800669 2.843447 -0.549842 0.001790 -0.473218 0.688284
7.800000 1.545739 3.808602 3.158233 0.392141 0.464197 0.788911 -0.091469
7.900000 0.531509 3.784662 3.432315 -0.386824 0.421998 -0.171072 0.801885
8.000000 0.519735 2.657538 3.156739 0.419065 -0.216409 0.362007 0.804054
8.100000 1.471980 2.694785 2.858194 -0.103268 -0.526875 0.843063 0.031373
8.200000 2.480222 2.707835 2.717920 0.061656 -0.108308 -0.382226 0.915626
8.300000 3.413835 2.600455 2.433016 -0.185063 0.307895 -0.430644 0.827948
8.400000 4.380304 2.553557 2.179504 -0.406077 0.605392 0.092058 0.678327
8.500000 4.359303 1.499984 2.012591 -0.075814 -0.087386 0.968102 -0.222247
8.600000 3.257609 1.545901 2.319683 0.750678 0.239746 0.159888 0.594508
8.700000 2.372195 1.542532 2.496599 -0.150447 -0.543859 0.767098 -0.305195
8.800000 1.527089 1.621470 2.660726 0.566458 -0.134344 -0.614554 0.532353
8.900000 0.486166 1.671511 3.011135 0.262076 0.669973 0.235859 0.653317
9.000000 0.360669 0.642925 2.878824 -0.189020 0.520651 0.058671 0.830513
9.100000 1.416986 0.524809 2.617686 0.510413 0.211555 -0.435347 0.710771
9.200000 2.396442 0.588881 2.386749 -0.227038 0.030444 0.951525 0.205249
9.300000 3.296104 0.610534 2.203304 0.117261 0.553548 0.109840 0.817171
9.400000 4.297383 0.590437 1.875237 0.085273 0.052992 0.931028 0.350867
9.500000 4.218754 -0.528742 1.807981 -0.234737 0.275112 0.915733 0.175058
9.600000 3.304266 -0.384665 2.160450 -0.226632 0.320412 0.858636 -0.329726
9.700000 2.351454 -0.267771 2.351829 0.637597 0.318000 -0.348966 0.608743
9.800000 1.403675 -0.283496 2.585136 -0.019758 -0.215314 0.274411 0.936989
9.900000 0.323011 -0.243601 2.871947 0.314611 0.414140 0.005884 0.854092
10.000000 0.626649 -0.324495 3.819518 -0.080982 0.091104 -0.082458 0.989112
10.100000 1.690262 -0.537829 3.548928 -0.267895 0.537243 0.121323 0.790496
10.200000 2.578595 -0.580507 3.276505 0.310154 -0.076792 0.577775 0.751055
10.300000 3.447007 -0.659548 3.100800 0.380294 0.394210 -0.455522 0.701765
10.400000 4.268415 -0.582330 2.823867 -0.348891 -0.049358 -0.670331 0.653066
10.500000 4.315671 0.458623 2.858157 -0.060485 0.285589 0.508160 0.810280
10.600000 3.450356 0.363458 3.140439 0.673817 0.309521 0.632873 0.222796
10.700000 2.580248 0.475810 3.397906 0.608130 0.008247 0.252367 0.752609
10.800000 1.662264 0.405830 3.600930 0.262104 0.235333 -0.400578 0.845847
10.900000 0.631823 0.513129 3.819909 0.096999 -0.465670 -0.594173 0.648615
11.000000 0.747534 1.616186 3.964831 0.316400 0.460396 0.071775 0.826302
11.100000 1.681104 1.530319 3.608674 0.431286 0.558625 -0.183350 0.684334
11.200000 2.620384 1.407411 3.533494 0.437738 0.490786 0.073356 0.749756
11.300000 3.585691 1.391984 3.229589 -0.074072 0.043857 0.986825 -0.136991
11.400000 4.604178 1.447164 3.030530 -0.229098 0.301951 -0.106987 0.919181
11.500000 4.688723 2.449758 3.131934 0.235272 0.007691 0.903215 -0.358875
11.600000 3.684824 2.411778 3.365350 0.377092 0.069609 0.430410 0.817131
11.700000 2.622414 2.447723 3.637561 -0.508681 0.595216 -0.529654 -0.326234
11.800000 1.724700 2.486238 3.856691 0.456689 -0.088453 -0.728174 0.503363
11.900000 0.872645 2.456108 4.080235 -0.464371 -0.105314 -0.347636 0.807724
12.000000 0.918439 3.308151 4.311549 0.127813 -0.225510 0.780784 0.568495
12.100000 1.819672 3.479650 4.047601 0.000198 -0.059687 -0.765629 0.640507
12.200000 2.783260 3.446061 3.815007 -0.042657 -0.018623 0.761003 0.647076
12.300000 3.722207 3.347248 3.553530 -0.404213 0.097873 0.870204 0.264156
12.400000 4.549700 3.384872 3.436583 -0.509106 0.267382 -0.392371 0.717888
