0 0 0 0 0 0 0.707105 0.707109
0.1 -0.00304947 0.08276 0 0 0 0.800066 0.599912
0.2 -0.0332049 0.169933 0 0 0 0.873754 0.486368
0.3 -0.0861738 0.243455 0 0 0 0.923176 0.384377
0.4 -0.157657 0.306473 0 0 0 0.959403 0.282038
0.5 -0.242792 0.351658 0 0 0 0.987232 0.159292
0.6 -0.335251 0.368855 0 0 0 0.999148 0.041265
0.7 -0.425435 0.4133 0 -0 -0 -0.997412 0.0719044
0.8 -0.543419 0.393842 0 -0 -0 -0.984813 0.173618
0.9 -0.662182 0.348405 0 -0 -0 -0.967671 0.252217
1 -0.763285 0.287036 0 -0 -0 -0.951684 0.307078
1.1 -0.967821 0.1132 0 -0 -0 -0.899526 0.436868
1.2 -1.0375 -0.0117891 0 -0 -0 -0.869718 0.493549
1.3 -1.15727 -0.290186 0 -0 -0 -0.803919 0.594739
1.4 -1.25192 -0.600273 0 -0 -0 -0.803987 0.594647
1.5 -1.33035 -0.904441 0 -0 -0 -0.787651 0.616122
1.6 -1.39676 -1.21385 0 -0 -0 -0.782246 0.622969
1.7 -1.46967 -1.53991 0 -0 -0 -0.784247 0.620449
1.8 -1.61422 -1.81896 0 -0 -0 -0.825149 0.564916
1.9 -1.67159 -1.94909 0 -0 -0 -0.802118 0.597166
2 -1.75891 -2.25901 0 -0 -0 -0.725232 0.688504
2.1 -1.7848 -2.58455 0 -0 -0 -0.709734 0.70447
2.2 -1.77839 -2.91574 0 -0 -0 -0.718367 0.695665
2.3 -1.79633 -3.25239 0 -0 -0 -0.755709 0.654908
2.4 -1.85508 -3.58421 0 -0 -0 -0.84663 0.532182
2.5 -2.07851 -3.87215 0 -0 -0 -0.912921 0.408135
2.6 -2.30402 -4.08796 0 -0 -0 -0.951868 0.306507
2.7 -2.58833 -4.24089 0 -0 -0 -0.961118 0.276137
2.8 -2.84909 -4.41691 0 -0 -0 -0.966084 0.258228
2.9 -3.08939 -4.53936 0 -0 -0 -0.973433 0.228973
3 -3.30441 -4.6237 0 -0 -0 -0.997077 0.0764042
3.1 -3.6075 -4.57236 0 0 0 0.926576 0.376106
3.2 -3.67162 -4.39818 0 0 0 0.353799 0.935322
3.3 -3.55283 -4.39537 0 -0 -0 -0.0960445 0.995377
3.4 -3.37247 -4.44462 0 -0 -0 -0.11019 0.993911
3.5 -3.07394 -4.52065 0 -0 -0 -0.0917652 0.995781
3.6 -2.7727 -4.57535 0 -0 -0 -0.112987 0.993596
3.7 -2.44927 -4.69235 0 -0 -0 -0.307017 0.951704
3.8 -2.19905 -4.95767 0 -0 -0 -0.530652 0.84759
3.9 -2.10623 -5.27569 0 -0 -0 -0.686234 0.727381
4 -2.18269 -5.62496 0 -0 -0 -0.777179 0.629279
4.1 -2.21731 -5.80005 0 -0 -0 -0.772791 0.63466
4.2 -2.21164 -6.03472 0 -0 -0 -0.732095 0.681202
4.3 -2.22563 -6.20659 0 -0 -0 -0.640897 0.767627
4.4 -2.19355 -6.37729 0 -0 -0 -0.573003 0.819553
4.5 -2.12804 -6.5408 0 -0 -0 -0.479012 0.877808
4.6 -2.03058 -6.67342 0 -0 -0 -0.369212 0.929345
4.7 -1.90407 -6.7798 0 -0 -0 -0.271217 0.962518
4.8 -1.60749 -6.95312 0 -0 -0 -0.231365 0.972867
4.9 -1.32071 -7.13232 0 -0 -0 -0.47529 0.879829
5 -1.24873 -7.43011 0 -0 -0 -0.695416 0.718607
5.1 -1.25157 -7.67315 0 -0 -0 -0.766873 0.641798
5.2 -1.2674 -7.78627 0 -0 -0 -0.748637 0.66298
5.3 -1.26875 -7.88679 0 -0 -0 -0.684363 0.729141
5.4 -1.30223 -8.02214 0 -0 -0 -0.561413 0.827536
5.5 -1.27829 -8.12057 0 -0 -0 -0.430965 0.902369
5.6 -1.19192 -8.18672 0 -0 -0 -0.292768 0.956184
5.7 -1.10582 -8.24745 0 -0 -0 -0.15484 0.98794
5.8 -0.999963 -8.28108 0 0 0 0.00423599 0.999991
5.9 -0.893476 -8.27579 0 0 0 0.145057 0.989423
6 -0.790176 -8.23656 0 0 0 0.277736 0.960657
6.1 -0.691279 -8.161 0 0 0 0.417919 0.908484
6.2 -0.532115 -7.99031 0 0 0 0.528102 0.849181
6.3 -0.429092 -7.6918 0 0 0 0.512783 0.858518
6.4 -0.207253 -7.39083 0 0 0 0.450326 0.892864
6.5 -0.00850614 -7.12345 0 0 0 0.429883 0.902884
6.6 0.237197 -6.86086 0 0 0 0.455056 0.890463
6.7 0.413875 -6.67114 0 0 0 0.448564 0.89375
6.8 0.536006 -6.48254 0 0 0 0.369406 0.929268
6.9 0.773976 -6.31849 0 0 0 0.122942 0.992414
7 1.01479 -6.33486 0 -0 -0 -0.153578 0.988137
7.1 1.25213 -6.45591 0 -0 -0 -0.262263 0.964996
7.2 1.491 -6.60003 0 -0 -0 -0.271609 0.962408
7.3 1.60939 -6.6654 0 -0 -0 -0.22928 0.97336
7.4 1.74464 -6.72814 0 -0 -0 -0.13527 0.990809
7.5 1.8789 -6.80056 0 -0 -0 -0.0258209 0.999667
7.6 2.01226 -6.78293 0 0 0 0.0739394 0.997263
7.7 2.15129 -6.7494 0 0 0 0.170024 0.98544
7.8 2.40728 -6.64892 0 0 0 0.221582 0.975142
7.9 2.66579 -6.55343 0 0 0 0.0697298 0.997566
8 2.91733 -6.55058 0 -0 -0 -0.126001 0.99203
8.1 3.18213 -6.63318 0 -0 -0 -0.255876 0.96671
8.2 3.36795 -6.81013 0 -0 -0 -0.59357 0.804782
8.3 3.40543 -7.11972 0 -0 -0 -0.7758 0.630978
8.4 3.34607 -7.37693 0 -0 -0 -0.801534 0.59795
8.5 3.29474 -7.53336 0 -0 -0 -0.81293 0.582361
8.6 3.26937 -7.60063 0 -0 -0 -0.779683 0.626175
8.7 3.20447 -7.65643 0 -0 -0 -0.715526 0.698586
8.8 3.25293 -7.71253 0 -0 -0 -0.632887 0.774244
8.9 3.26152 -7.75194 0 -0 -0 -0.554614 0.832108
9 3.26814 -7.82685 0 -0 -0 -0.466248 0.884654
9.1 3.27592 -7.83767 0 -0 -0 -0.391428 0.920209
9.2 3.28058 -7.84233 0 -0 -0 -0.31338 0.949628
9.3 3.28059 -7.84263 0 -0 -0 -0.217073 0.976155
9.4 3.28034 -7.84274 0 -0 -0 -0.098308 0.995156
9.5 3.27513 -7.89259 0 0 0 0.044477 0.99901
9.6 3.27551 -7.89259 0 0 0 0.176884 0.984232
9.7 3.27581 -7.89249 0 0 0 0.277392 0.960757
9.8 3.27548 -7.8926 0 0 0 0.370976 0.928642
9.9 3.27511 -7.89274 0 0 0 0.466309 0.884622
10 3.27493 -7.89261 0 0 0 0.552499 0.833514
10.1 3.27484 -7.8919 0 0 0 0.645501 0.76376
10.2 3.27404 -7.88425 0 0 0 0.755379 0.655288
10.3 3.26621 -7.86129 0 0 0 0.841517 0.54023
10.4 3.28875 -7.87913 0 0 0 0.887787 0.460254
10.5 3.1688 -7.72575 0 0 0 0.95714 0.289625
10.6 2.94201 -7.60726 0 0 0 0.931832 0.362889
10.7 2.72463 -7.36784 0 0 0 0.910281 0.413991
10.8 2.65221 -7.28392 0 0 0 0.917557 0.397604
10.9 2.46638 -7.10087 0 0 0 0.959022 0.283332
11 2.26523 -6.95349 0 0 0 0.969598 0.244704
11.1 1.98362 -6.81441 0 0 0 0.978401 0.206715
11.2 1.65725 -6.68262 0 0 0 0.968468 0.249138
11.3 1.40083 -6.45637 0 0 0 0.912537 0.408995
11.4 1.1817 -6.20849 0 0 0 0.872858 0.487974
11.5 1.04076 -5.88307 0 0 0 0.917592 0.397524
11.6 0.922518 -5.7644 0 0 0 0.95084 0.309683
11.7 0.773043 -5.66461 0 0 0 0.972284 0.233801
11.8 0.609753 -5.592 0 0 0 0.985973 0.166903
11.9 0.242462 -5.50272 0 0 0 0.99777 0.066748
12 -0.131747 -5.46932 0 0 0 0.998911 0.0466528
12.1 -0.524753 -5.43327 0 0 0 0.99765 0.0685196
12.2 -0.913819 -5.34649 0 0 0 0.976619 0.214977
12.3 -1.24119 -5.15172 0 0 0 0.92906 0.369928
12.4 -1.49719 -4.82211 0 0 0 0.827343 0.561697
12.5 -1.54468 -4.4343 0 0 0 0.645449 0.763803
12.6 -1.43921 -4.11519 0 0 0 0.542377 0.840135
12.7 -1.37547 -3.95506 0 0 0 0.589071 0.808081
12.8 -1.32183 -3.77705 0 0 0 0.669519 0.742795
12.9 -1.30504 -3.58262 0 0 0 0.736574 0.676357
13 -1.32999 -3.21581 0 0 0 0.812028 0.583619
13.1 -1.46981 -2.84756 0 0 0 0.833035 0.55322
13.2 -1.60848 -2.48094 0 0 0 0.82177 0.56982
13.3 -1.70969 -2.09254 0 0 0 0.742909 0.669392
13.4 -1.65463 -1.6822 0 0 0 0.611746 0.791054
13.5 -1.52358 -1.28317 0 0 0 0.542267 0.840206
13.6 -1.29258 -0.907722 0 0 0 0.511537 0.859261
13.7 -1.08473 -0.532892 0 0 0 0.516791 0.856112
13.8 -0.895741 -0.150472 0 0 0 0.547573 0.836758
13.9 -0.727207 0.275517 0 0 0 0.55265 0.833414
14 -0.568942 0.655432 0 0 0 0.558606 0.829433
14.1 -0.412026 1.05389 0 0 0 0.57388 0.818939
14.2 -0.229746 1.44569 0 0 0 0.579674 0.814848
14.3 -0.0773996 1.82645 0 0 0 0.561709 0.827335
14.4 0.0880469 2.19935 0 0 0 0.537676 0.843152
14.5 0.261506 2.54263 0 0 0 0.465734 0.884925
14.6 0.498917 2.8542 0 0 0 0.357511 0.933909
14.7 0.809679 3.13704 0 0 0 0.233526 0.972351
14.8 1.15605 3.25186 0 0 0 0.069946 0.997551
14.9 1.51597 3.266 0 -0 -0 -0.147971 0.988992
15 1.8575 3.11673 0 -0 -0 -0.274317 0.961639
15.1 2.17842 2.88877 0 -0 -0 -0.338114 0.941105
15.2 2.4679 2.65687 0 -0 -0 -0.339603 0.940569
15.3 2.7891 2.40865 0 -0 -0 -0.270906 0.962606
15.4 2.92798 2.31175 0 -0 -0 -0.211616 0.977353
15.5 3.715 1.98571 0 0 0 0.218398 0.97586
15.6 3.85447 2.06135 0 0 0 0.273711 0.961812
15.7 3.98958 2.15829 0 0 0 0.336989 0.941508
15.8 4.0987 2.26482 0 0 0 0.405835 0.913946
15.9 4.23441 2.37539 0 0 0 0.484728 0.874665
16 4.29851 2.5123 0 0 0 0.562416 0.826854
16.1 4.33489 2.64926 0 0 0 0.647879 0.761744
16.2 4.35461 2.77614 0 0 0 0.726687 0.686969
16.3 4.35499 2.90689 0 0 0 0.771274 0.636504
16.4 4.33909 3.07426 0 0 0 0.824529 0.56582
16.5 4.30156 3.17413 0 0 0 0.874726 0.484618
16.6 4.25053 3.25781 0 0 0 0.917586 0.397537
16.7 4.20222 3.30898 0 0 0 0.947101 0.320937
16.8 4.13432 3.36289 0 0 0 0.971901 0.23539
16.9 4.077 3.3922 0 0 0 0.99264 0.121099
17 4.03811 3.45419 0 0 0 0.999981 0.00623919
17.1 3.95849 3.46354 0 -0 -0 -0.99429 0.106716
17.2 3.94561 3.4666 0 -0 -0 -0.970805 0.239872
17.3 3.94435 3.47309 0 -0 -0 -0.935493 0.353346
17.4 3.9439 3.47953 0 -0 -0 -0.884349 0.466827
17.5 3.94159 3.48261 0 -0 -0 -0.827868 0.560922
17.6 3.93979 3.48449 0 -0 -0 -0.761641 0.648
17.7 3.88953 3.48084 0 -0 -0 -0.660723 0.75063
17.8 3.89674 3.46152 0 -0 -0 -0.550913 0.834562
17.9 3.92117 3.42517 0 -0 -0 -0.453465 0.891274
18 4.05899 3.26338 0 -0 -0 -0.417689 0.90859
18.1 4.1783 3.111 0 -0 -0 -0.558722 0.829355
18.2 4.2415 2.88035 0 -0 -0 -0.75377 0.657138
18.3 4.17352 2.63854 0 -0 -0 -0.855758 0.517377
18.4 4.00079 2.42062 0 -0 -0 -0.935282 0.353903
18.5 3.73718 2.24052 0 -0 -0 -0.965359 0.260926
18.6 3.44454 2.11311 0 -0 -0 -0.997752 0.067012
18.7 3.13351 2.13194 0 0 0 0.993103 0.117246
18.8 2.83488 2.25739 0 0 0 0.963192 0.268813
18.9 2.55566 2.45499 0 0 0 0.943973 0.330021
19 2.26062 2.69041 0 0 0 0.941297 0.337578
19.1 1.9663 2.94233 0 0 0 0.930166 0.36714
19.2 1.70836 3.20286 0 0 0 0.904419 0.426645
19.3 1.47629 3.48809 0 0 0 0.896744 0.442549
19.4 1.2634 3.79668 0 0 0 0.868822 0.495124
19.5 1.09977 4.16148 0 0 0 0.814284 0.580467
19.6 0.996105 4.51788 0 0 0 0.730128 0.68331
19.7 1.00149 4.86701 0 0 0 0.632442 0.774608
19.8 1.15173 5.17341 0 0 0 0.433364 0.901219
19.9 1.36567 5.37891 0 0 0 0.312685 0.949857
20 1.68958 5.61204 0 0 0 0.292012 0.956415
20.1 2.00272 5.79706 0 0 0 0.261545 0.965191
20.2 2.36366 5.97247 0 0 0 0.226777 0.973947
20.3 2.68923 6.14416 0 0 0 0.22339 0.974729
20.4 3.06788 6.29981 0 0 0 0.141998 0.989867
20.5 3.47828 6.41732 0 0 0 0.0115079 0.999934
20.6 3.88594 6.3479 0 -0 -0 -0.102834 0.994698
20.7 4.28457 6.2141 0 -0 -0 -0.223342 0.97474
20.8 4.65859 6.02133 0 -0 -0 -0.347927 0.937522
20.9 4.94716 5.74641 0 -0 -0 -0.385206 0.92283
21 5.25557 5.40939 0 -0 -0 -0.407214 0.913333
21.1 5.58535 5.01432 0 -0 -0 -0.404337 0.91461
21.2 5.72127 4.82251 0 -0 -0 -0.403369 0.915037
21.3 6.02677 4.48496 0 -0 -0 -0.39487 0.918737
21.4 6.38012 4.10264 0 -0 -0 -0.384268 0.923222
21.5 6.55327 3.95195 0 -0 -0 -0.387828 0.921732
21.6 6.89695 3.59181 0 -0 -0 -0.382608 0.923911
21.7 7.24235 3.2489 0 -0 -0 -0.377734 0.925914
21.8 7.58645 2.91249 0 -0 -0 -0.380001 0.924986
21.9 7.94312 2.56462 0 -0 -0 -0.364209 0.931317
22 8.31624 2.16475 0 -0 -0 -0.365922 0.930645
22.1 8.68803 1.81704 0 -0 -0 -0.370241 0.928936
22.2 9.04878 1.47726 0 -0 -0 -0.36275 0.931887
22.3 9.42505 1.13321 0 -0 -0 -0.362769 0.931879
22.4 9.79573 0.794367 0 -0 -0 -0.358245 0.933628
22.5 10.1569 0.422025 0 -0 -0 -0.325714 0.945468
22.6 10.5408 0.123047 0 -0 -0 -0.322152 0.946688
22.7 10.9493 -0.191478 0 -0 -0 -0.314249 0.949341
22.8 11.3386 -0.480837 0 -0 -0 -0.317162 0.948371
22.9 11.7238 -0.771301 0 -0 -0 -0.319542 0.947572
23 12.0872 -1.10303 0 -0 -0 -0.31582 0.948819
23.1 12.4437 -1.38561 0 -0 -0 -0.337123 0.941461
23.2 12.7544 -1.70959 0 -0 -0 -0.445058 0.895502
23.3 13.0085 -2.08979 0 -0 -0 -0.519752 0.854317
23.4 13.2124 -2.42948 0 -0 -0 -0.424907 0.905237
23.5 13.4657 -2.74732 0 -0 -0 -0.318071 0.948067
23.6 13.6293 -2.85574 0 -0 -0 -0.25737 0.966313
23.7 13.8155 -2.94445 0 -0 -0 -0.199023 0.979995
23.8 14.2192 -3.1021 0 -0 -0 -0.125673 0.992072
23.9 14.5302 -3.209 0 -0 -0 -0.226635 0.97398
24 14.8505 -3.41413 0 -0 -0 -0.381338 0.924436
24.1 15.137 -3.70727 0 -0 -0 -0.493365 0.869822
24.2 15.1771 -3.89988 0 -0 -0 -0.459687 0.888081
24.3 15.2723 -4.04219 0 -0 -0 -0.406504 0.913649
24.4 15.4357 -4.18007 0 -0 -0 -0.313988 0.949427
24.5 15.5627 -4.27296 0 -0 -0 -0.181506 0.98339
24.6 15.712 -4.31836 0 -0 -0 -0.0588562 0.998266
24.7 15.8527 -4.33036 0 0 0 0.0804967 0.996755
24.8 15.9804 -4.29369 0 0 0 0.254091 0.96718
24.9 16.0991 -4.25322 0 0 0 0.42037 0.907353
25 16.1799 -4.15171 0 0 0 0.578824 0.815453
25.1 16.2421 -4.03842 0 0 0 0.72545 0.688275
25.2 16.2092 -3.91336 0 0 0 0.822926 0.568148
25.3 16.0921 -3.69877 0 0 0 0.912807 0.408391
25.4 15.8456 -3.4567 0 0 0 0.956269 0.292488
25.5 15.5611 -3.23941 0 0 0 0.964588 0.263761
25.6 15.2125 -3.03259 0 0 0 0.962978 0.269582
25.7 14.8174 -2.79282 0 0 0 0.962358 0.271786
25.8 14.4064 -2.53997 0 0 0 0.960138 0.279528
25.9 13.9809 -2.26897 0 0 0 0.958613 0.284713
26 13.5499 -1.9879 0 0 0 0.957085 0.289808
26.1 13.1364 -1.71186 0 0 0 0.9552 0.29596
26.2 12.7586 -1.42341 0 0 0 0.952285 0.305209
26.3 12.29 -1.06459 0 0 0 0.948957 0.315407
26.4 11.8748 -0.754057 0 0 0 0.948697 0.316186
26.5 11.4683 -0.450518 0 0 0 0.947575 0.319533
26.6 11.0543 -0.10886 0 0 0 0.962158 0.272491
26.7 10.6258 0.153672 0 0 0 0.965106 0.26186
26.8 10.2034 0.398081 0 0 0 0.967951 0.251138
26.9 9.77555 0.645432 0 0 0 0.962292 0.272019
27 9.40288 0.941949 0 0 0 0.92311 0.384535
27.1 9.09974 1.33159 0 0 0 0.853131 0.521697
27.2 8.93279 1.71781 0 0 0 0.745512 0.666493
27.3 8.97658 2.22931 0 0 0 0.635001 0.772511
27.4 9.08607 2.65208 0 0 0 0.594204 0.804314
27.5 9.24388 3.06182 0 0 0 0.554411 0.832243
27.6 9.43313 3.46233 0 0 0 0.504179 0.863599
27.7 9.70921 3.84957 0 0 0 0.475301 0.879823
27.8 9.98647 4.22656 0 0 0 0.415322 0.909675
27.9 10.2972 4.52482 0 0 0 0.383259 0.923641
28 10.6539 4.85593 0 0 0 0.359188 0.933265
28.1 10.9922 5.15786 0 0 0 0.358791 0.933418
28.2 11.3282 5.45553 0 0 0 0.349304 0.93701
28.3 11.7247 5.74154 0 0 0 0.341459 0.939897
28.4 12.0698 6.02278 0 0 0 0.333599 0.942715
28.5 12.4182 6.30174 0 0 0 0.336638 0.941634
28.6 12.7589 6.57972 0 0 0 0.346816 0.937933
28.7 13.0837 6.85482 0 0 0 0.346329 0.938113
28.8 13.4131 7.13236 0 0 0 0.349339 0.936997
28.9 14.0782 7.64413 0 0 0 0.332955 0.942943
29 14.4076 7.8945 0 0 0 0.294914 0.955524
29.1 14.7456 8.1112 0 0 0 0.266834 0.963743
29.2 15.0806 8.29184 0 0 0 0.229843 0.973228
29.3 15.4394 8.46669 0 0 0 0.128089 0.991763
29.4 15.8286 8.5485 0 0 0 0.122817 0.992429
29.5 16.1496 8.62989 0 0 0 0.134737 0.990881
29.6 16.4598 8.73338 0 0 0 0.192038 0.981387
29.7 16.796 8.82705 0 0 0 0.27522 0.961381
29.8 17.0278 9.05572 0 0 0 0.323796 0.946127
29.9 17.2737 9.26319 0 0 0 0.402041 0.915622
30 17.4852 9.52553 0 0 0 0.494427 0.869219
30.1 17.5671 9.68056 0 0 0 0.551403 0.834239
30.2 17.6828 9.85215 0 0 0 0.59898 0.800764
30.3 17.7774 10.188 0 0 0 0.650317 0.759663
30.4 17.8152 10.5821 0 0 0 0.731689 0.681638
30.5 17.7638 10.9822 0 0 0 0.794177 0.607686
30.6 17.6571 11.3678 0 0 0 0.803831 0.594858
30.7 17.5714 11.7563 0 0 0 0.826765 0.562547
30.8 17.4105 12.1482 0 0 0 0.860045 0.510217
30.9 17.2076 12.5054 0 0 0 0.891236 0.453539
31 16.9488 12.8354 0 0 0 0.909159 0.41645
31.1 16.6694 13.1516 0 0 0 0.918942 0.394392
31.2 16.4052 13.4947 0 0 0 0.919922 0.392103
31.3 16.2361 13.6617 0 0 0 0.920123 0.391628
31.4 15.9532 14.0106 0 0 0 0.925181 0.379527
31.5 15.692 14.2552 0 0 0 0.925389 0.379018
31.6 15.382 14.559 0 0 0 0.928722 0.370776
31.7 15.0709 14.8828 0 0 0 0.94222 0.334994
31.8 14.7339 15.1573 0 0 0 0.942252 0.334904
31.9 14.3836 15.4819 0 0 0 0.943994 0.329962
32 14.0546 15.7435 0 0 0 0.943684 0.330849
32.1 13.7215 16.0117 0 0 0 0.940827 0.338886
32.2 13.4179 16.2935 0 0 0 0.927608 0.373554
32.3 13.1383 16.5929 0 0 0 0.922551 0.385876
32.4 12.836 16.93 0 0 0 0.903453 0.428686
32.5 12.5462 17.3502 0 0 0 0.903597 0.428384
32.6 12.2862 17.6626 0 0 0 0.903775 0.428007
32.7 11.9971 18.0681 0 0 0 0.905878 0.42354
32.8 11.7009 18.4277 0 0 0 0.905373 0.424616
32.9 11.3612 18.8428 0 0 0 0.908451 0.417992
33 11.1118 19.1299 0 0 0 0.909327 0.416083
33.1 10.7981 19.5287 0 0 0 0.920413 0.390947
33.2 10.4631 19.8764 0 0 0 0.926393 0.376559
33.3 10.126 20.2056 0 0 0 0.925856 0.377877
33.4 9.82159 20.5464 0 0 0 0.925247 0.379366
33.5 9.46089 20.8971 0 0 0 0.927422 0.374018
33.6 9.12115 21.2293 0 0 0 0.919638 0.392768
33.7 8.79101 21.6421 0 0 0 0.904974 0.425467
33.8 8.64253 21.8196 0 0 0 0.903465 0.428663
33.9 8.35955 22.1694 0 0 0 0.902752 0.430161
34 8.03185 22.5785 0 0 0 0.89925 0.437435
34.1 7.95064 22.7406 0 0 0 0.89967 0.43657
34.2 7.63779 23.1387 0 0 0 0.900075 0.435736
34.3 7.27902 23.5923 0 0 0 0.89828 0.439423
34.4 7.01542 23.9677 0 0 0 0.912951 0.408069
34.5 6.67612 24.3446 0 0 0 0.913731 0.406319
34.6 6.28205 24.7776 0 0 0 0.918412 0.395625
34.7 5.93915 25.1417 0 0 0 0.920245 0.391342
34.8 5.58885 25.5082 0 0 0 0.918833 0.394647
34.9 5.24614 25.8737 0 0 0 0.911476 0.411354
35 4.91758 26.2503 0 0 0 0.90565 0.424026
35.1 4.60142 26.6921 0 0 0 0.891259 0.453495
35.2 4.30408 27.104 0 0 0 0.887799 0.460231
35.3 4.02585 27.5145 0 0 0 0.874009 0.485909
35.4 3.76823 27.9895 0 0 0 0.873607 0.486633
35.5 3.50202 28.4199 0 0 0 0.873525 0.486779
35.6 3.24754 28.8322 0 0 0 0.871264 0.490815
35.7 2.98732 29.2455 0 0 0 0.882025 0.471202
35.8 2.72706 29.6047 0 0 0 0.913866 0.406015
35.9 2.39555 29.956 0 0 0 0.954457 0.298348
36 2.21043 30.0903 0 0 0 0.976507 0.215485
36.1 2.00738 30.2244 0 0 0 0.993838 0.110844
36.2 1.7712 30.2687 0 0 0 0.999932 0.0116748
36.3 1.55111 30.268 0 -0 -0 -0.996725 0.0808639
36.4 1.35311 30.2751 0 -0 -0 -0.986445 0.164091
36.5 1.14371 30.1914 0 -0 -0 -0.971895 0.235415
36.6 0.955168 30.0771 0 -0 -0 -0.952018 0.306042
36.7 0.557939 29.8431 0 -0 -0 -0.928759 0.370683
36.8 0.240846 29.4719 0 -0 -0 -0.880496 0.474054
36.9 0.0250028 29.056 0 -0 -0 -0.819867 0.572554
37 -0.112009 28.6074 0 -0 -0 -0.757043 0.653365
37.1 -0.186309 28.1068 0 -0 -0 -0.67366 0.739041
37.2 -0.129749 27.9186 0 -0 -0 -0.627962 0.778244
37.3 -0.0208655 27.4558 0 -0 -0 -0.54135 0.840798
37.4 0.17497 26.9683 0 -0 -0 -0.507528 0.861635
37.5 0.363072 26.5378 0 -0 -0 -0.509532 0.860452
37.6 0.595716 26.0697 0 -0 -0 -0.579113 0.815247
37.7 0.693132 25.5395 0 -0 -0 -0.668393 0.743809
37.8 0.704765 25.0596 0 -0 -0 -0.766449 0.642305
37.9 0.562969 24.5761 0 -0 -0 -0.859975 0.510337
38 0.246649 24.1929 0 -0 -0 -0.909954 0.41471
38.1 -0.113402 23.8542 0 -0 -0 -0.927836 0.372987
38.2 -0.310676 23.6511 0 -0 -0 -0.933995 0.357287
38.3 -0.710332 23.3469 0 -0 -0 -0.943504 0.331362
38.4 -1.16549 22.9801 0 -0 -0 -0.947349 0.320202
38.5 -1.58138 22.7121 0 -0 -0 -0.956114 0.292994
38.6 -2.03532 22.3534 0 -0 -0 -0.961785 0.273807
38.7 -2.49373 22.1086 0 -0 -0 -0.964793 0.263009
38.8 -2.99207 21.8094 0 -0 -0 -0.974631 0.223819
38.9 -3.44474 21.6052 0 -0 -0 -0.958553 0.284916
39 -3.88035 21.25 0 -0 -0 -0.941143 0.338009
39.1 -4.31657 20.921 0 -0 -0 -0.933855 0.357651
39.2 -4.70459 20.5633 0 -0 -0 -0.915244 0.402899
39.3 -5.07339 20.1874 0 -0 -0 -0.936203 0.35146
39.4 -5.51383 19.8569 0 -0 -0 -0.945201 0.326488
39.5 -5.93219 19.5408 0 -0 -0 -0.955618 0.294609
39.6 -6.36353 19.2535 0 -0 -0 -0.96203 0.272943
39.7 -6.84164 19.0529 0 -0 -0 -0.974323 0.225156
39.8 -7.31706 18.8525 0 -0 -0 -0.992975 0.118321
39.9 -7.86524 18.7608 0 -0 -0 -0.998583 0.0532162
40 -8.33015 18.7648 0 0 0 0.999555 0.0298253
40.1 -8.85742 18.8153 0 0 0 0.986 0.166745
40.2 -9.28503 18.983 0 0 0 0.965528 0.260299
40.3 -9.65493 19.2291 0 0 0 0.938401 0.345548
40.4 -9.98055 19.5646 0 0 0 0.891425 0.453169
40.5 -10.2213 19.9331 0 0 0 0.863328 0.504644
40.6 -10.4173 20.3369 0 0 0 0.835262 0.549852
40.7 -10.5178 20.627 0 0 0 0.800169 0.599775
40.8 -10.5878 20.909 0 0 0 0.774806 0.632199
40.9 -10.652 21.2108 0 0 0 0.734175 0.678961
41 -10.636 21.4751 0 0 0 0.743223 0.669044
41.1 -10.6682 21.7801 0 0 0 0.74814 0.663541
41.2 -10.6934 22.096 0 0 0 0.747917 0.663792
41.3 -10.7431 22.4258 0 0 0 0.735943 0.677044
41.4 -10.7528 22.7698 0 0 0 0.696426 0.717628
41.5 -10.7237 23.144 0 0 0 0.663077 0.748551
41.6 -10.6702 23.5691 0 0 0 0.654988 0.755639
41.7 -10.6714 24.6231 0 0 0 0.803937 0.594715
41.8 -10.7289 24.9099 0 0 0 0.852027 0.523499
41.9 -10.8182 25.0589 0 0 0 0.90289 0.429872
42 -10.9817 25.2815 0 0 0 0.936727 0.350062
42.1 -11.3681 25.6084 0 0 0 0.962326 0.271897
42.2 -11.8006 25.8637 0 0 0 0.969306 0.245856
42.3 -12.251 26.1055 0 0 0 0.970061 0.242861
42.4 -12.6922 26.3549 0 0 0 0.961825 0.273667
42.5 -13.1131 26.6495 0 0 0 0.941825 0.336102
42.6 -13.4624 27.0298 0 0 0 0.891766 0.452497
42.7 -13.6782 27.4203 0 0 0 0.809797 0.58671
42.8 -13.8272 27.8186 0 0 0 0.816935 0.57673
42.9 -13.9085 27.9811 0 0 0 0.873605 0.486636
43 -13.9675 28.1585 0 0 0 0.928697 0.370839
43.1 -14.1214 28.2631 0 0 0 0.962836 0.270086
43.2 -14.2608 28.353 0 0 0 0.986566 0.163361
43.3 -14.4897 28.4445 0 0 0 0.997304 0.0733761
43.4 -14.6615 28.4242 0 0 0 0.999645 0.0266473
43.5 -15.1972 28.4634 0 0 0 0.998974 0.045295
43.6 -15.7169 28.5233 0 0 0 0.995017 0.0997074
43.7 -16.2286 28.6528 0 0 0 0.987457 0.157888
43.8 -16.7115 28.8338 0 0 0 0.986191 0.16561
43.9 -17.183 29.0353 0 0 0 0.986146 0.165877
44 -17.5046 29.1367 0 0 0 0.98305 0.18334
44.1 -17.9487 29.3232 0 0 0 0.980147 0.19827
44.2 -18.4932 29.5386 0 0 0 0.980632 0.19586
44.3 -18.9705 29.7918 0 0 0 0.979945 0.199267
44.4 -19.4669 30.0019 0 0 0 0.980126 0.198376
44.5 -19.9582 30.209 0 0 0 0.979773 0.200112
44.6 -20.4787 30.4695 0 0 0 0.98184 0.189711
44.7 -20.9705 30.6674 0 0 0 0.981899 0.189407
44.8 -21.4659 30.8651 0 0 0 0.981259 0.192692
44.9 -21.9573 31.0633 0 0 0 0.981736 0.190249
45 -22.4655 31.2657 0 0 0 0.988507 0.151177
45.1 -22.9587 31.4186 0 0 0 0.988632 0.150353
45.2 -23.456 31.5717 0 0 0 0.991379 0.131027
45.3 -23.9441 31.7015 0 0 0 0.992785 0.119911
45.4 -24.4258 31.8553 0 0 0 0.977086 0.212845
45.5 -24.8337 32.1116 0 0 0 0.92871 0.370806
45.6 -25.134 32.4748 0 0 0 0.925146 0.379612
45.7 -25.2911 32.6337 0 0 0 0.949636 0.313355
45.8 -25.5139 32.7674 0 0 0 0.969851 0.243697
45.9 -25.7003 32.8638 0 0 0 0.987144 0.159833
46 -25.9043 32.9227 0 0 0 0.997136 0.0756353
46.1 -26.096 32.9345 0 -0 -0 -0.998936 0.0461275
46.2 -26.3203 32.9522 0 -0 -0 -0.980323 0.197403
46.3 -26.4788 32.8538 0 -0 -0 -0.93255 0.36104
46.4 -26.6248 32.7244 0 -0 -0 -0.853913 0.520416
46.5 -26.7127 32.5757 0 -0 -0 -0.748756 0.662846
46.6 -26.6887 32.4127 0 -0 -0 -0.645811 0.763498
46.7 -26.6642 32.2631 0 -0 -0 -0.523357 0.852113
46.8 -26.5939 32.128 0 -0 -0 -0.388416 0.921484
46.9 -26.4761 32.0117 0 -0 -0 -0.270883 0.962612
47 -26.183 31.8441 0 -0 -0 -0.179478 0.983762
47.1 -25.856 31.7171 0 -0 -0 -0.152207 0.988349
47.2 -25.6363 31.6605 0 -0 -0 -0.118918 0.992904
47.3 -25.1836 31.5575 0 -0 -0 -0.0402253 0.999191
47.4 -24.7164 31.5215 0 -0 -0 -0.0445722 0.999006
47.5 -24.1497 31.4163 0 -0 -0 -0.0476299 0.998865
47.6 -23.6351 31.3854 0 -0 -0 -0.0996951 0.995018
47.7 -23.1058 31.2092 0 -0 -0 -0.163432 0.986555
47.8 -22.6614 31.0431 0 -0 -0 -0.189726 0.981837
47.9 -22.1529 30.7877 0 -0 -0 -0.222982 0.974823
48 -21.6773 30.5554 0 -0 -0 -0.235227 0.97194
48.1 -21.2109 30.3142 0 -0 -0 -0.233143 0.972443
48.2 -20.8025 30.0874 0 -0 -0 -0.2273 0.973825
48.3 -20.2384 29.793 0 -0 -0 -0.22022 0.97545
48.4 -19.8088 29.571 0 -0 -0 -0.209658 0.977775
48.5 -19.3402 29.3596 0 -0 -0 -0.202261 0.979332
48.6 -18.9049 29.1581 0 -0 -0 -0.19673 0.980458
48.7 -18.3242 28.8916 0 -0 -0 -0.185231 0.982695
48.8 -17.8947 28.7149 0 -0 -0 -0.16532 0.98624
48.9 -17.3904 28.5527 0 -0 -0 -0.129739 0.991548
49 -16.8373 28.3608 0 -0 -0 -0.120538 0.992709
49.1 -16.3356 28.2367 0 -0 -0 -0.12039 0.992727
49.2 -15.825 28.1045 0 -0 -0 -0.117288 0.993098
49.3 -15.3167 27.9633 0 -0 -0 -0.164279 0.986414
49.4 -14.8308 27.7355 0 -0 -0 -0.181791 0.983337
49.5 -14.3558 27.5423 0 -0 -0 -0.210896 0.977508
49.6 -13.851 27.3061 0 -0 -0 -0.238418 0.971163
49.7 -13.4379 27.0651 0 -0 -0 -0.254114 0.967174
49.8 -12.9978 26.8052 0 -0 -0 -0.284918 0.958552
49.9 -12.5171 26.4601 0 -0 -0 -0.281778 0.95948
50 -12.0773 26.1791 0 -0 -0 -0.273935 0.961748
50.1 -11.5938 25.8575 0 -0 -0 -0.240025 0.970767
50.2 -11.1764 25.6212 0 -0 -0 -0.214652 0.976691
50.3 -10.6446 25.4266 0 -0 -0 -0.1375 0.990502
50.4 -10.1573 25.2755 0 -0 -0 -0.0582455 0.998302
50.5 -9.89083 25.2623 0 -0 -0 -0.0081116 0.999967
50.6 -9.33472 25.3199 0 0 0 0.12599 0.992032
50.7 -8.85725 25.4497 0 0 0 0.220211 0.975452
50.8 -8.42426 25.6758 0 0 0 0.261192 0.965287
50.9 -8.01607 25.8877 0 0 0 0.161048 0.986947
51 -7.61525 25.9377 0 -0 -0 -0.00138861 0.999999
51.1 -7.21791 25.9085 0 -0 -0 -0.147144 0.989115
51.2 -6.82711 25.7357 0 -0 -0 -0.352389 0.935854
51.3 -6.55596 25.4258 0 -0 -0 -0.514819 0.857299
51.4 -6.42192 25.0317 0 -0 -0 -0.562345 0.826903
51.5 -6.24818 24.5843 0 -0 -0 -0.579079 0.815271
51.6 -6.11295 24.0965 0 -0 -0 -0.568857 0.822436
51.7 -5.92424 23.666 0 -0 -0 -0.473314 0.880894
51.8 -5.76978 23.4882 0 -0 -0 -0.403789 0.914852
51.9 -5.57793 23.3372 0 -0 -0 -0.307587 0.95152
52 -5.15178 23.1228 0 -0 -0 -0.0702308 0.997531
52.1 -4.71026 23.0983 0 0 0 0.121425 0.992601
52.2 -4.31038 23.2562 0 0 0 0.178804 0.983885
52.3 -3.91399 23.3491 0 0 0 0.0245242 0.999699
52.4 -3.49863 23.3074 0 -0 -0 -0.182885 0.983134
52.5 -3.15125 23.1136 0 -0 -0 -0.288102 0.9576
52.6 -2.77572 22.8517 0 -0 -0 -0.240787 0.970578
52.7 -2.62549 22.7059 0 -0 -0 -0.136553 0.990633
52.8 -2.42336 22.6434 0 -0 -0 -0.0223036 0.999751
52.9 -2.21183 22.6508 0 0 0 0.0546591 0.998505
53 -1.74446 22.7555 0 0 0 0.160645 0.987012
53.1 -1.51975 22.8238 0 0 0 0.168161 0.98576
53.2 -1.28885 22.8878 0 0 0 0.216358 0.976314
53.3 -1.07631 22.9921 0 0 0 0.32551 0.945538
53.4 -0.893362 23.1379 0 0 0 0.437168 0.89938
53.5 -0.713424 23.3231 0 0 0 0.541764 0.840531
53.6 -0.643756 23.5226 0 0 0 0.642165 0.766567
53.7 -0.623126 23.7696 0 0 0 0.73501 0.678057
53.8 -0.662619 24.1596 0 0 0 0.781191 0.624292
53.9 -0.733078 24.5604 0 0 0 0.718916 0.695097
54 -0.728114 24.9871 0 0 0 0.644923 0.764247
54.1 -0.64836 25.4043 0 0 0 0.603112 0.797657
54.2 -0.485811 25.8405 0 0 0 0.528827 0.848729
54.3 -0.225122 26.2758 0 0 0 0.459876 0.887983
54.4 0.0781049 26.6744 0 0 0 0.383555 0.923518
54.5 0.459911 27.0274 0 0 0 0.297847 0.954614
54.6 0.900829 27.3127 0 0 0 0.245199 0.969473
54.7 1.38301 27.5518 0 0 0 0.141897 0.989881
54.8 1.93759 27.5876 0 0 0 0.0550119 0.998486
54.9 2.4642 27.6318 0 -0 -0 -0.00786877 0.999969
55 3.02834 27.5853 0 -0 -0 -0.128121 0.991758
55.1 3.47142 27.4285 0 -0 -0 -0.227626 0.973749
55.2 3.91687 27.1532 0 -0 -0 -0.335855 0.941914
55.3 4.3043 26.782 0 -0 -0 -0.396718 0.917941
55.4 4.66688 26.3991 0 -0 -0 -0.39449 0.9189
55.5 5.02944 26.0185 0 -0 -0 -0.384433 0.923153
55.6 5.42931 25.5913 0 -0 -0 -0.401523 0.915849
55.7 5.73631 25.212 0 -0 -0 -0.393327 0.919399
55.8 6.09902 24.8322 0 -0 -0 -0.397984 0.917392
55.9 6.45702 24.4511 0 -0 -0 -0.398505 0.917166
56 6.84697 24.0242 0 -0 -0 -0.390859 0.92045
56.1 7.15672 23.6669 0 -0 -0 -0.366888 0.930265
56.2 7.54489 23.3021 0 -0 -0 -0.298983 0.954258
56.3 7.96064 23.0184 0 -0 -0 -0.276419 0.961037
56.4 8.1858 22.8856 0 -0 -0 -0.207278 0.978282
56.5 8.41395 22.7432 0 -0 -0 -0.127438 0.991847
56.6 8.66294 22.694 0 -0 -0 -0.0369679 0.999316
56.7 8.92637 22.6926 0 0 0 0.0498152 0.998758
56.8 9.16721 22.688 0 0 0 0.132406 0.991196
56.9 9.45183 22.7696 0 0 0 0.217477 0.976066
57 9.91528 23.0065 0 0 0 0.342624 0.939473
57.1 10.3096 23.3461 0 0 0 0.400915 0.916115
57.2 10.6515 23.7227 0 0 0 0.428914 0.903345
57.3 10.9835 24.1206 0 0 0 0.420436 0.907322
57.4 11.351 24.4838 0 0 0 0.344802 0.938675
57.5 11.747 24.7906 0 0 0 0.284513 0.958672
57.6 12.223 25.0612 0 0 0 0.253168 0.967422
57.7 12.6728 25.2911 0 0 0 0.253237 0.967404
57.8 12.9023 25.4109 0 0 0 0.251449 0.967871
57.9 13.3061 25.6514 0 0 0 0.287578 0.957757
58 13.6737 25.9096 0 0 0 0.324806 0.945781
58.1 13.8552 26.0052 0 0 0 0.403711 0.914886
58.2 13.9883 26.1627 0 0 0 0.484686 0.874688
58.3 14.1027 26.3483 0 0 0 0.579138 0.81523
58.4 14.1635 26.5822 0 0 0 0.650714 0.759323
58.5 14.2119 26.9648 0 0 0 0.693967 0.720007
58.6 14.2379 27.3327 0 0 0 0.619846 0.784723
58.7 14.3874 27.6712 0 0 0 0.436367 0.899769
58.8 14.6516 27.8584 0 0 0 0.104083 0.994569
58.9 15.0015 27.8615 0 -0 -0 -0.194162 0.980969
59 15.2051 27.6858 0 -0 -0 -0.388294 0.921535
59.1 15.4262 27.4024 0 -0 -0 -0.459734 0.888057
59.2 15.6319 27.1097 0 -0 -0 -0.456952 0.889491
59.3 15.8626 26.7772 0 -0 -0 -0.479607 0.877484
59.4 16.0689 26.3773 0 -0 -0 -0.505982 0.862544
59.5 16.2979 25.9926 0 -0 -0 -0.481025 0.876707
59.6 16.5597 25.6488 0 -0 -0 -0.463194 0.886257
59.7 16.846 25.2824 0 -0 -0 -0.399824 0.916592
59.8 17.1639 24.9412 0 -0 -0 -0.275862 0.961197
59.9 17.3562 24.8349 0 -0 -0 -0.215702 0.976459
60 17.5432 24.7211 0 -0 -0 -0.122491 0.99247
60.1 17.7535 24.6998 0 -0 -0 -0.00900814 0.999959
60.2 17.9851 24.7046 0 0 0 0.109101 0.994031
60.3 18.1783 24.7793 0 0 0 0.220523 0.975382
60.4 18.5723 24.9867 0 0 0 0.319161 0.947701
60.5 18.8893 25.284 0 0 0 0.355675 0.93461
60.6 19.2333 25.5872 0 0 0 0.360224 0.932866
60.7 19.637 25.875 0 0 0 0.334845 0.942273
60.8 19.9851 26.1598 0 0 0 0.327234 0.944943
60.9 20.3203 26.4257 0 0 0 0.329829 0.944041
61 20.6455 26.6841 0 0 0 0.329877 0.944024
61.1 20.9972 26.9088 0 0 0 0.321494 0.946912
61.2 21.3088 27.1402 0 0 0 0.300278 0.953852
61.3 21.6315 27.3656 0 0 0 0.284064 0.958805
61.4 21.9583 27.563 0 0 0 0.241968 0.970284
61.5 22.3204 27.7196 0 0 0 0.233969 0.972244
61.6 22.599 27.8911 0 0 0 0.314371 0.9493
61.7 22.833 28.1051 0 0 0 0.26421 0.964465
61.8 23.0958 28.1919 0 0 0 0.0584856 0.998288
61.9 23.2966 28.1775 0 -0 -0 -0.196447 0.980514
62 23.4916 28.0272 0 -0 -0 -0.602295 0.798274
62.1 23.4649 27.8382 0 -0 -0 -0.955494 0.295009
62.2 23.2562 27.7778 0 0 0 0.999209 0.0397645
62.3 23.0887 27.8351 0 0 0 0.998561 0.0536351
62.4 22.9434 27.8546 0 -0 -0 -1 9.81601e-05
62.5 22.8395 27.8472 0 -0 -0 -0.996682 0.0813913
62.6 22.6827 27.8205 0 -0 -0 -0.986413 0.164285
62.7 22.5162 27.7602 0 -0 -0 -0.967311 0.253592
62.8 22.2017 27.5565 0 -0 -0 -0.929804 0.368055
62.9 22.0561 27.4075 0 -0 -0 -0.905871 0.423553
63 21.8346 27.0597 0 -0 -0 -0.816968 0.576684
63.1 21.7393 26.6479 0 -0 -0 -0.704384 0.709819
63.2 21.7173 26.4432 0 -0 -0 -0.595694 0.803211
63.3 21.7847 26.2284 0 -0 -0 -0.494995 0.868896
63.4 21.9104 26.0284 0 -0 -0 -0.400017 0.916508
63.5 22.1888 25.7337 0 -0 -0 -0.307395 0.951582
63.6 22.6097 25.4142 0 -0 -0 -0.287276 0.957848
63.7 22.9716 25.1812 0 -0 -0 -0.251566 0.96784
63.8 23.4229 24.9454 0 -0 -0 -0.253889 0.967233
63.9 23.7895 24.6893 0 -0 -0 -0.248308 0.968681
64 24.1388 24.4718 0 -0 -0 -0.306225 0.951959
64.1 24.4295 24.2268 0 -0 -0 -0.474222 0.880405
64.2 24.5489 23.7987 0 -0 -0 -0.648959 0.760824
64.3 24.5979 23.4908 0 -0 -0 -0.773269 0.634079
64.4 24.4421 23.0732 0 -0 -0 -0.829638 0.558302
64.5 24.2802 22.6481 0 -0 -0 -0.818586 0.574384
64.6 24.1048 22.1878 0 -0 -0 -0.830429 0.557125
64.7 23.9018 21.738 0 -0 -0 -0.859887 0.510484
64.8 23.5973 21.372 0 -0 -0 -0.907719 0.419579
64.9 23.2683 20.9904 0 -0 -0 -0.964156 0.265334
65 22.8112 20.7931 0 -0 -0 -0.993759 0.111551
65.1 22.3309 20.7419 0 0 0 0.999983 0.00577839
65.2 21.8167 20.7819 0 0 0 0.993021 0.11794
65.3 21.5563 20.8523 0 0 0 0.989296 0.14592
65.4 21.1 20.9962 0 0 0 0.986819 0.161826
65.5 20.665 21.2159 0 0 0 0.971611 0.236582
65.6 20.2527 21.4854 0 0 0 0.948104 0.317959
65.7 19.8661 21.7931 0 0 0 0.925341 0.379136
65.8 19.5129 22.1831 0 0 0 0.891637 0.452751
65.9 19.3825 22.4215 0 0 0 0.892425 0.451195
66 19.0961 22.8362 0 0 0 0.877786 0.479053
66.1 18.8387 23.2715 0 0 0 0.858462 0.512877
66.2 18.6151 23.7405 0 0 0 0.872288 0.488993
66.3 18.4898 23.9429 0 0 0 0.900698 0.434446
66.4 18.3377 24.1284 0 0 0 0.930057 0.367414
66.5 18.1942 24.2868 0 0 0 0.964545 0.263917
66.6 18.0146 24.3738 0 0 0 0.990426 0.138047
66.7 17.7881 24.4079 0 -0 -0 -0.999997 0.00243923
66.8 17.6335 24.4235 0 -0 -0 -0.982942 0.183915
66.9 17.4465 24.3421 0 -0 -0 -0.934208 0.356729
67 17.3679 24.2428 0 -0 -0 -0.865197 0.501432
67.1 17.2868 24.1135 0 -0 -0 -0.78206 0.623203
67.2 17.2529 23.9529 0 -0 -0 -0.674309 0.738449
67.3 17.2766 23.7867 0 -0 -0 -0.553386 0.832925
67.4 17.3545 23.6214 0 -0 -0 -0.453729 0.89114
67.5 17.5705 23.2989 0 -0 -0 -0.380552 0.924759
67.6 17.9165 22.9829 0 -0 -0 -0.338229 0.941064
67.7 18.2663 22.667 0 -0 -0 -0.300589 0.953754
67.8 18.7323 22.3743 0 -0 -0 -0.282449 0.959282
67.9 19.1763 22.0982 0 -0 -0 -0.254687 0.967023
68 19.6177 21.8333 0 -0 -0 -0.229477 0.973314
68.1 20.1286 21.612 0 -0 -0 -0.192104 0.981375
68.2 20.6152 21.4195 0 -0 -0 -0.147778 0.989021
68.3 21.1198 21.2668 0 -0 -0 -0.131959 0.991255
68.4 21.6127 21.1346 0 -0 -0 -0.133747 0.991016
68.5 22.11 20.9705 0 -0 -0 -0.0835254 0.996506
68.6 22.6389 20.8764 0 -0 -0 -0.110399 0.993887
68.7 23.161 20.7261 0 -0 -0 -0.197143 0.980375
68.8 23.6256 20.5006 0 -0 -0 -0.282708 0.959206
68.9 24.0332 20.1825 0 -0 -0 -0.392165 0.919895
69 24.3895 19.8121 0 -0 -0 -0.402658 0.91535
69.1 24.7347 19.3762 0 -0 -0 -0.404217 0.914663
69.2 25.0855 18.9918 0 -0 -0 -0.406904 0.913471
69.3 25.4222 18.6095 0 -0 -0 -0.41143 0.911441
69.4 25.7621 18.2284 0 -0 -0 -0.414946 0.909846
69.5 25.9435 18.0349 0 -0 -0 -0.399318 0.916813
69.6 26.1143 17.8478 0 -0 -0 -0.349624 0.93689
69.7 26.5171 17.5345 0 -0 -0 -0.229851 0.973226
69.8 26.7696 17.3838 0 -0 -0 -0.164131 0.986439
69.9 27.5051 17.2248 0 -0 -0 -0.0725502 0.997365
70 27.7222 17.1985 0 -0 -0 -0.0862039 0.996278
70.1 28.1743 17.0936 0 -0 -0 -0.245881 0.9693
70.2 28.527 16.8173 0 -0 -0 -0.424556 0.905402
70.3 28.7529 16.4106 0 -0 -0 -0.591279 0.806467
70.4 28.8315 16.0121 0 -0 -0 -0.68541 0.728158
70.5 28.865 15.7614 0 -0 -0 -0.67623 0.736691
70.6 28.8589 15.5362 0 -0 -0 -0.613158 0.78996
70.7 29.0366 15.1236 0 -0 -0 -0.51799 0.855387
70.8 29.1485 14.8977 0 -0 -0 -0.517859 0.855466
70.9 29.3249 14.5224 0 -0 -0 -0.570098 0.821577
71 29.4032 14.098 0 -0 -0 -0.695861 0.718177
71.1 29.3523 13.7265 0 -0 -0 -0.836392 0.548132
71.2 29.1533 13.3532 0 -0 -0 -0.834892 0.550414
71.3 29.0891 13.2173 0 -0 -0 -0.797024 0.603947
71.4 29.0082 12.8648 0 -0 -0 -0.723712 0.690102
71.5 29.0113 12.4759 0 -0 -0 -0.684658 0.728864
71.6 29.0123 12.0904 0 -0 -0 -0.63735 0.770575
71.7 29.1121 11.6998 0 -0 -0 -0.604491 0.796612
71.8 29.2062 11.2917 0 -0 -0 -0.582356 0.812934
71.9 29.3419 10.9212 0 -0 -0 -0.527156 0.849768
72 29.5542 10.553 0 -0 -0 -0.457763 0.889074
72.1 29.8118 10.2467 0 -0 -0 -0.400751 0.916187
72.2 29.9585 10.0687 0 -0 -0 -0.32316 0.946344
72.3 30.1074 9.95221 0 -0 -0 -0.221834 0.975084
72.4 30.4698 9.81219 0 -0 -0 -0.0257786 0.999668
72.5 30.8296 9.82 0 0 0 0.108665 0.994078
72.6 31.1927 9.91997 0 0 0 0.182145 0.983272
72.7 31.5184 10.063 0 0 0 0.240141 0.970738
72.8 31.6823 10.1526 0 0 0 0.294648 0.955606
72.9 31.822 10.247 0 0 0 0.378988 0.925402
73 31.9387 10.3659 0 0 0 0.475034 0.879967
73.1 32.0159 10.498 0 0 0 0.577626 0.816302
73.2 32.0611 10.6498 0 0 0 0.673637 0.739063
73.3 32.0759 10.8449 0 0 0 0.759471 0.650541
73.4 32.0691 10.9702 0 0 0 0.824004 0.566585
73.5 31.9811 11.1078 0 0 0 0.88482 0.465933
73.6 31.8709 11.2179 0 0 0 0.939194 0.343388
73.7 31.7566 11.321 0 0 0 0.974293 0.225284
73.8 31.6631 11.3827 0 0 0 0.991737 0.128288
73.9 31.4991 11.424 0 0 0 0.999997 0.00234838
74 31.2918 11.4318 0 -0 -0 -0.995255 0.0973039
74.1 31.1352 11.3941 0 -0 -0 -0.984045 0.177917
74.2 30.9739 11.3241 0 -0 -0 -0.967053 0.254575
74.3 30.6571 11.1369 0 -0 -0 -0.958096 0.286448
74.4 30.2971 10.9319 0 -0 -0 -0.977198 0.212329
74.5 29.911 10.82 0 -0 -0 -0.993434 0.114404
74.6 29.4866 10.7733 0 -0 -0 -0.995644 0.0932369
74.7 29.0539 10.7465 0 -0 -0 -0.997505 0.0706003
74.8 28.5886 10.6776 0 -0 -0 -0.997142 0.0755559
74.9 28.1487 10.6429 0 -0 -0 -0.988027 0.154282
75 27.7131 10.4953 0 -0 -0 -0.991835 0.127531
75.1 27.2753 10.4377 0 -0 -0 -0.998942 0.0459798
75.2 26.834 10.4018 0 -0 -0 -0.999482 0.0321833
75.3 26.3924 10.4 0 -0 -0 -0.998276 0.0586986
75.4 26.1882 10.3916 0 -0 -0 -0.995517 0.0945823
75.5 25.7544 10.3075 0 -0 -0 -0.980747 0.195281
75.6 25.5752 10.2277 0 -0 -0 -0.969366 0.245619
75.7 25.4231 10.136 0 -0 -0 -0.953162 0.30246
75.8 25.1215 9.92601 0 -0 -0 -0.908689 0.417474
75.9 25.0315 9.80332 0 -0 -0 -0.879993 0.474987
76 24.9759 9.68458 0 -0 -0 -0.851019 0.525135
76.1 24.8437 9.40322 0 -0 -0 -0.802134 0.597144
76.2 24.7518 9.13648 0 -0 -0 -0.833074 0.553162
76.3 24.5827 8.90553 0 -0 -0 -0.874291 0.485402
76.4 24.4238 8.68406 0 -0 -0 -0.903946 0.427647
76.5 24.243 8.49382 0 -0 -0 -0.929363 0.369168
76.6 24.0214 8.33156 0 -0 -0 -0.94562 0.325275
76.7 23.7703 8.14105 0 -0 -0 -0.954995 0.296622
76.8 23.4843 7.96555 0 -0 -0 -0.967515 0.252815
76.9 23.1806 7.86301 0 -0 -0 -0.981454 0.191696
77 22.8459 7.73275 0 -0 -0 -0.987095 0.160137
77.1 22.4821 7.628 0 -0 -0 -0.995776 0.0918118
77.2 22.0884 7.56765 0 0 0 0.999999 0.0012864
77.3 21.7267 7.62762 0 0 0 0.999464 0.0327354
77.4 21.358 7.7087 0 0 0 0.985458 0.169918
77.5 21.0206 7.90745 0 0 0 0.950349 0.311185
77.6 20.7113 8.13935 0 0 0 0.941644 0.336611
77.7 20.4116 8.4061 0 0 0 0.931089 0.364792
77.8 20.1001 8.72131 0 0 0 0.953032 0.302868
77.9 19.9488 8.81253 0 0 0 0.965724 0.259569
78 19.7426 8.91119 0 0 0 0.984327 0.176351
78.1 19.331 9.0437 0 0 0 0.996906 0.0786042
78.2 19.1224 9.06984 0 0 0 0.999494 0.0318016
78.3 18.9358 9.11301 0 -0 -0 -0.999538 0.030405
78.4 18.7463 9.08329 0 -0 -0 -0.99235 0.123456
78.5 18.5264 9.03657 0 -0 -0 -0.969159 0.246436
78.6 18.3928 8.91563 0 -0 -0 -0.938394 0.345568
78.7 18.2643 8.81277 0 -0 -0 -0.895666 0.444727
78.8 18.1665 8.68802 0 -0 -0 -0.843883 0.536527
78.9 18.0799 8.3955 0 -0 -0 -0.812964 0.582315
79 17.9127 8.12492 0 -0 -0 -0.873491 0.48684
79.1 17.7605 7.86655 0 -0 -0 -0.927262 0.374414
79.2 17.4841 7.67757 0 -0 -0 -0.972792 0.231679
79.3 17.1191 7.55366 0 -0 -0 -0.993739 0.111723
79.4 16.7887 7.54472 0 0 0 0.99991 0.0133979
79.5 16.4602 7.55983 0 0 0 0.997927 0.0643532
79.6 16.146 7.65402 0 0 0 0.996898 0.0787038
79.7 15.7777 7.70447 0 0 0 0.997441 0.0714919
79.8 15.3883 7.75537 0 -0 -0 -0.999605 0.0281099
79.9 15.1798 7.74088 0 -0 -0 -0.99477 0.102137
80 14.9738 7.67421 0 -0 -0 -0.985478 0.169806
80.1 14.5828 7.56033 0 -0 -0 -0.967452 0.253054
80.2 14.1971 7.31334 0 -0 -0 -0.946882 0.321583
80.3 13.8217 7.00458 0 -0 -0 -0.93759 0.347743
80.4 13.3874 6.69758 0 -0 -0 -0.952972 0.303059
80.5 12.9768 6.41403 0 -0 -0 -0.96143 0.275051
80.6 12.5394 6.1482 0 -0 -0 -0.970077 0.242796
80.7 12.0529 5.92378 0 -0 -0 -0.968089 0.250608
80.8 11.6176 5.69476 0 -0 -0 -0.954623 0.297817
80.9 11.2097 5.39978 0 -0 -0 -0.936706 0.350118
81 10.8389 5.04743 0 -0 -0 -0.915905 0.401395
81.1 10.4918 4.66757 0 -0 -0 -0.912196 0.409755
81.2 10.1531 4.3056 0 -0 -0 -0.92997 0.367636
81.3 9.72496 3.97328 0 -0 -0 -0.944572 0.328303
81.4 9.30824 3.67236 0 -0 -0 -0.956905 0.290401
81.5 8.87567 3.43672 0 -0 -0 -0.978756 0.20503
81.6 8.37281 3.25451 0 -0 -0 -0.998915 0.0465803
81.7 7.88098 3.28913 0 0 0 0.986875 0.161485
81.8 7.45093 3.53745 0 0 0 0.953789 0.300478
81.9 7.22138 3.68139 0 0 0 0.949179 0.314736
82 6.81576 3.98523 0 0 0 0.932021 0.362403
82.1 6.60266 4.20112 0 0 0 0.919645 0.39275
82.2 6.25498 4.56695 0 0 0 0.91856 0.395281
82.3 5.89772 4.94731 0 0 0 0.913324 0.407233
82.4 5.55936 5.37765 0 0 0 0.904865 0.425699
82.5 5.23464 5.7727 0 0 0 0.905065 0.425273
82.6 4.91661 6.17267 0 0 0 0.904296 0.426906
82.7 4.58583 6.59512 0 0 0 0.891547 0.452927
82.8 4.28931 7.01145 0 0 0 0.882805 0.469739
82.9 4.01886 7.45227 0 0 0 0.840459 0.541875
83 3.79352 7.95438 0 0 0 0.781432 0.623991
83.1 3.73622 8.46702 0 0 0 0.702061 0.712117
83.2 3.80623 8.95293 0 0 0 0.565239 0.824928
83.3 4.01721 9.42192 0 0 0 0.444949 0.895556
83.4 4.40829 9.80659 0 0 0 0.351472 0.936198
83.5 4.85995 10.1735 0 0 0 0.328495 0.944506
83.6 5.27272 10.4972 0 0 0 0.319349 0.947637
83.7 5.61824 10.7354 0 0 0 0.32538 0.945583
83.8 6.09504 11.1324 0 0 0 0.334054 0.942554
83.9 6.5062 11.4621 0 0 0 0.325727 0.945464
84 6.89791 11.7916 0 0 0 0.33697 0.941515
84.1 7.33894 12.1007 0 0 0 0.347317 0.937748
84.2 7.67381 12.407 0 0 0 0.345689 0.938349
84.3 8.13522 12.7814 0 0 0 0.351744 0.936096
84.4 8.51968 13.1158 0 0 0 0.352937 0.935647
84.5 8.91122 13.4515 0 0 0 0.348313 0.937378
84.6 9.3052 13.7914 0 0 0 0.341193 0.939993
84.7 9.69461 14.1135 0 0 0 0.332756 0.943013
84.8 10.0943 14.4308 0 0 0 0.32379 0.946129
84.9 10.4971 14.7433 0 0 0 0.321849 0.946791
85 10.9009 15.0489 0 0 0 0.314725 0.949183
85.1 11.3451 15.3716 0 0 0 0.323773 0.946135
85.2 11.7144 15.6898 0 0 0 0.408679 0.912678
85.3 12.0206 16.0367 0 0 0 0.499423 0.866358
85.4 12.1592 16.2693 0 0 0 0.543302 0.839537
85.5 12.3181 16.7073 0 0 0 0.604005 0.79698
85.6 12.456 17.1641 0 0 0 0.653757 0.756704
85.7 12.4854 17.543 0 0 0 0.742383 0.669975
85.8 12.4372 17.7476 0 0 0 0.792301 0.61013
85.9 12.3866 17.9003 0 0 0 0.843692 0.536827
86 12.251 18.1499 0 0 0 0.893189 0.449681
86.1 12.0835 18.387 0 0 0 0.901355 0.433081
86.2 11.9011 18.6072 0 0 0 0.9155 0.402318
86.3 11.6759 18.8342 0 0 0 0.941409 0.337267
86.4 11.3104 18.9924 0 -0 -0 -0.967583 0.252552
86.5 11.288 18.9087 0 -0 -0 -0.917292 0.398215
86.6 11.2673 18.8117 0 -0 -0 -0.843678 0.53685
86.7 11.2134 18.8215 0 -0 -0 -0.736552 0.676381
86.8 11.2299 18.71 0 -0 -0 -0.587854 0.808967
86.9 11.2921 18.597 0 -0 -0 -0.46142 0.887182
87 11.3483 18.5323 0 -0 -0 -0.40245 0.915442
87.1 11.4828 18.3863 0 -0 -0 -0.333161 0.94287
87.2 11.7162 18.2083 0 -0 -0 -0.342819 0.939402
87.3 12.024 17.9692 0 -0 -0 -0.422102 0.906548
87.4 12.2273 17.5825 0 -0 -0 -0.586102 0.810238
87.5 12.2774 16.9297 0 -0 -0 -0.784168 0.620549
87.6 12.1147 16.4982 0 -0 -0 -0.87565 0.482946
87.7 11.7926 16.0777 0 -0 -0 -0.913291 0.407309
87.8 11.5984 15.8933 0 -0 -0 -0.92269 0.385543
87.9 11.2248 15.5203 0 -0 -0 -0.931037 0.364926
88 10.7914 15.1862 0 -0 -0 -0.93553 0.353248
88.1 10.394 14.8346 0 -0 -0 -0.93695 0.349464
88.2 9.94446 14.4989 0 -0 -0 -0.933172 0.35943
88.3 9.55986 14.1722 0 -0 -0 -0.933723 0.357995
88.4 9.38253 13.987 0 -0 -0 -0.932496 0.361181
88.5 8.93997 13.5926 0 -0 -0 -0.932487 0.361203
88.6 8.55897 13.2816 0 -0 -0 -0.932242 0.361835
88.7 8.16998 12.9213 0 -0 -0 -0.929041 0.369977
88.8 7.74688 12.579 0 -0 -0 -0.931429 0.363924
88.9 7.30918 12.2345 0 -0 -0 -0.934614 0.355664
89 6.91755 11.8849 0 -0 -0 -0.936484 0.350709
89.1 6.5192 11.5394 0 -0 -0 -0.941457 0.337133
89.2 6.07117 11.2218 0 -0 -0 -0.938437 0.34545
89.3 5.66987 10.8795 0 -0 -0 -0.942179 0.335109
89.4 5.26402 10.545 0 -0 -0 -0.940379 0.340129
89.5 4.8367 10.218 0 -0 -0 -0.928797 0.37059
89.6 4.46345 9.83984 0 -0 -0 -0.912418 0.409261
89.7 4.09094 9.43945 0 -0 -0 -0.867518 0.497406
89.8 3.86639 8.97669 0 -0 -0 -0.81201 0.583643
89.9 3.70774 8.47798 0 -0 -0 -0.800301 0.599599
90 3.56807 7.97131 0 -0 -0 -0.803454 0.595367
90.1 3.35094 7.45393 0 -0 -0 -0.840124 0.542394
90.2 3.11511 6.98086 0 -0 -0 -0.886075 0.463543
90.3 2.80612 6.55669 0 -0 -0 -0.898645 0.438676
90.4 2.46579 6.18883 0 -0 -0 -0.928828 0.370512
90.5 2.07596 5.83576 0 -0 -0 -0.949372 0.314155
90.6 1.6076 5.53181 0 -0 -0 -0.94746 0.319873
90.7 1.19893 5.19614 0 -0 -0 -0.90727 0.420548
90.8 1.02742 5.01069 0 -0 -0 -0.867307 0.497774
90.9 0.906233 4.79284 0 -0 -0 -0.832257 0.554391
91 0.725261 4.31264 0 -0 -0 -0.81641 0.577472
91.1 0.548046 3.8515 0 -0 -0 -0.840993 0.541045
91.2 0.27908 3.4108 0 -0 -0 -0.886582 0.462571
91.3 -0.0307261 3.00181 0 -0 -0 -0.942896 0.333086
91.4 -0.451916 2.72669 0 -0 -0 -0.974106 0.22609
91.5 -0.956134 2.53297 0 -0 -0 -0.99596 0.0897949
91.6 -1.43738 2.51551 0 0 0 0.999389 0.0349392
91.7 -1.94404 2.57129 0 0 0 0.995496 0.0947986
91.8 -2.42843 2.70344 0 0 0 0.981537 0.191272
91.9 -2.94404 2.93166 0 0 0 0.975977 0.217875
92 -3.39622 3.13659 0 0 0 0.972753 0.231846
92.1 -3.63954 3.26928 0 0 0 0.973032 0.230671
92.2 -4.10099 3.49548 0 0 0 0.975145 0.221566
92.3 -4.55287 3.73645 0 0 0 0.986906 0.161298
92.4 -4.80623 3.80796 0 0 0 0.991594 0.129391
92.5 -5.2992 3.92582 0 0 0 0.999352 0.0359978
92.6 -5.60506 3.95705 0 -0 -0 -0.999087 0.0427109
92.7 -6.08359 3.87619 0 -0 -0 -0.99349 0.113921
92.8 -6.5989 3.78669 0 -0 -0 -0.974712 0.223464
92.9 -6.8108 3.66068 0 -0 -0 -0.946045 0.324034
93 -7.0002 3.48305 0 -0 -0 -0.911181 0.412006
93.1 -7.1895 3.30001 0 -0 -0 -0.873944 0.486027
93.2 -7.27076 3.08895 0 -0 -0 -0.838859 0.544349
93.3 -7.37327 2.86477 0 -0 -0 -0.791796 0.610786
93.4 -7.47894 2.36714 0 -0 -0 -0.687098 0.726565
93.5 -7.39986 1.92827 0 -0 -0 -0.656864 0.754009
93.6 -7.40001 1.55587 0 -0 -0 -0.722566 0.691302
93.7 -7.41943 1.2921 0 -0 -0 -0.842225 0.539126
93.8 -7.58643 1.13467 0 -0 -0 -0.960323 0.278891
93.9 -7.86751 1.07976 0 0 0 0.959456 0.28186
94 -8.03165 1.23923 0 0 0 0.863222 0.504825
94.1 -8.116 1.49588 0 0 0 0.830919 0.556394
94.2 -8.22147 1.80435 0 0 0 0.762989 0.646411
94.3 -8.21296 2.13605 0 0 0 0.666991 0.745066
94.4 -8.17276 2.50652 0 0 0 0.667957 0.7442
94.5 -8.15579 2.87152 0 0 0 0.707839 0.706373
94.6 -8.13733 3.21833 0 0 0 0.72222 0.691664
94.7 -8.09717 3.47503 0 0 0 0.446298 0.894885
94.8 -7.87978 3.6261 0 0 0 0.198415 0.980118
94.9 -7.57293 3.72261 0 0 0 0.212768 0.977103
95 -7.29392 3.85421 0 0 0 0.234392 0.972142
95.1 -6.99684 4.01336 0 0 0 0.289949 0.957042
95.2 -6.68281 4.24639 0 0 0 0.394577 0.918863
95.3 -6.55233 4.39281 0 0 0 0.450202 0.892927
95.4 -6.43938 4.56469 0 0 0 0.525886 0.850555
95.5 -6.36607 4.75057 0 0 0 0.607492 0.794325
95.6 -6.28628 4.95187 0 0 0 0.692085 0.721816
95.7 -6.31015 5.16158 0 0 0 0.769202 0.639006
95.8 -6.46017 5.57956 0 0 0 0.825851 0.563888
95.9 -6.65162 6.00117 0 0 0 0.874262 0.485454
96 -6.91855 6.4079 0 0 0 0.899727 0.436452
96.1 -7.17688 6.82279 0 0 0 0.913979 0.405761
96.2 -7.35211 6.99372 0 0 0 0.926291 0.37681
96.3 -7.70754 7.32018 0 0 0 0.970295 0.241924
96.4 -8.10112 7.50875 0 0 0 0.988791 0.149304
96.5 -8.47905 7.65742 0 0 0 0.996372 0.085106
96.6 -8.88087 7.70655 0 0 0 0.999999 0.00121483
96.7 -9.28177 7.70382 0 0 0 1 0.000357739
96.8 -9.49214 7.70682 0 -0 -0 -0.998112 0.0614236
96.9 -9.88042 7.64208 0 -0 -0 -0.981692 0.190474
97 -10.2448 7.50521 0 -0 -0 -0.983415 0.181367
97.1 -10.6219 7.40774 0 -0 -0 -0.996614 0.0822273
97.2 -10.9458 7.37875 0 0 0 0.990392 0.138291
97.3 -11.1629 7.51548 0 0 0 0.920488 0.390771
97.4 -11.299 7.69799 0 0 0 0.609516 0.792774
97.5 -11.1728 7.79413 0 -0 -0 -0.151647 0.988435
97.6 -10.9229 7.71848 0 -0 -0 -0.132824 0.99114
97.7 -10.6512 7.66641 0 -0 -0 -0.0659901 0.99782
97.8 -10.3921 7.66602 0 0 0 0.0316354 0.999499
97.9 -10.0665 7.6864 0 0 0 0.0744275 0.997226
98 -9.71573 7.73154 0 0 0 0.0600669 0.998194
98.1 -9.41694 7.7769 0 -0 -0 -0.00861206 0.999963
98.2 -9.07363 7.74752 0 -0 -0 -0.0376621 0.999291
98.3 -8.77519 7.69512 0 0 0 0.0183682 0.999831
98.4 -8.44469 7.7417 0 0 0 0.0735231 0.997294
98.5 -8.29148 7.77943 0 0 0 0.138993 0.990293
98.6 -8.03481 7.86791 0 0 0 0.25789 0.966174
98.7 -7.79487 7.93985 0 0 0 0.186125 0.982526
98.8 -7.54026 8.00031 0 -0 -0 -0.132018 0.991247
98.9 -7.33228 7.91238 0 -0 -0 -0.515448 0.856921
99 -7.25471 7.69217 0 -0 -0 -0.534422 0.845218
99.1 -7.15353 7.41905 0 -0 -0 -0.49131 0.870985
99.2 -7.04409 7.17886 0 -0 -0 -0.486345 0.873767
99.3 -6.86007 6.88341 0 -0 -0 -0.477836 0.878449
99.4 -6.64596 6.5572 0 -0 -0 -0.464126 0.885769
99.5 -6.37996 6.18778 0 -0 -0 -0.440928 0.897543
99.6 -6.07073 5.78718 0 -0 -0 -0.444006 0.896024
99.7 -5.76037 5.38304 0 -0 -0 -0.435481 0.900198
99.8 -5.42649 4.97798 0 -0 -0 -0.396322 0.918112
99.9 -5.07814 4.55588 0 -0 -0 -0.353352 0.93549
100 -4.67873 4.23537 0 -0 -0 -0.291526 0.956563
100.1 -4.23703 3.95658 0 -0 -0 -0.257381 0.96631
100.2 -3.7843 3.69945 0 -0 -0 -0.238469 0.97115
100.3 -3.28702 3.44948 0 -0 -0 -0.232189 0.972671
100.4 -2.84165 3.16787 0 -0 -0 -0.242428 0.970169
100.5 -2.37079 2.96412 0 -0 -0 -0.276882 0.960904
100.6 -1.96671 2.6509 0 -0 -0 -0.315035 0.94908
100.7 -1.59091 2.27961 0 -0 -0 -0.44343 0.896309
100.8 -1.31168 1.86762 0 -0 -0 -0.536671 0.843792
100.9 -1.16421 1.38594 0 -0 -0 -0.644128 0.764918
101 -1.10141 0.884092 0 -0 -0 -0.750215 0.661195
101.1 -1.17132 0.376467 0 -0 -0 -0.780543 0.625102
101.2 -1.34123 -0.132737 0 -0 -0 -0.814569 0.580066
101.3 -1.50461 -0.594055 0 -0 -0 -0.818174 0.57497
101.4 -1.66727 -1.07494 0 -0 -0 -0.785812 0.618465
101.5 -1.72314 -1.30769 0 -0 -0 -0.75944 0.650578
101.6 -1.79481 -1.8026 0 -0 -0 -0.674396 0.73837
101.7 -1.79652 -2.01321 0 -0 -0 -0.628428 0.777868
101.8 -1.73131 -2.2376 0 -0 -0 -0.583277 0.812273
101.9 -1.58656 -2.61822 0 -0 -0 -0.505033 0.8631
102 -1.40711 -3.01446 0 -0 -0 -0.531449 0.84709
102.1 -1.2697 -3.39479 0 -0 -0 -0.639945 0.76842
102.2 -1.23859 -3.7572 0 -0 -0 -0.764813 0.644252
102.3 -1.37048 -4.09169 0 -0 -0 -0.887798 0.460233
102.4 -1.59947 -4.331 0 -0 -0 -0.972302 0.233729
102.5 -1.87042 -4.40487 0 0 0 0.998621 0.0525047
102.6 -2.09115 -4.31123 0 0 0 0.928243 0.371975
102.7 -2.23134 -4.12372 0 0 0 0.746721 0.665138
102.8 -2.16963 -3.88554 0 0 0 0.430949 0.902376
102.9 -1.97564 -3.66197 0 0 0 0.403544 0.91496
103 -1.83401 -3.52184 0 0 0 0.496869 0.867826
103.1 -1.73224 -3.36864 0 0 0 0.595248 0.803542
103.2 -1.66609 -3.15522 0 0 0 0.687606 0.726084
103.3 -1.66525 -2.95902 0 0 0 0.776074 0.630641
103.4 -1.74651 -2.55699 0 0 0 0.808979 0.587837
103.5 -1.82872 -2.12466 0 0 0 0.674026 0.738708
103.6 -1.68417 -1.73707 0 0 0 0.504937 0.863156
103.7 -1.42253 -1.35934 0 0 0 0.342201 0.939627
103.8 -1.09294 -1.12777 0 0 0 0.213544 0.976933
103.9 -0.715756 -0.97856 0 0 0 0.253576 0.967316
104 -0.568209 -0.910169 0 0 0 0.340453 0.940261
104.1 -0.484165 -0.803188 0 0 0 0.479813 0.877371
104.2 -0.422629 -0.737069 0 0 0 0.638764 0.769403
104.3 -0.425421 -0.704434 0 0 0 0.739008 0.673697
104.4 -0.409879 -0.654095 0 0 0 0.812791 0.582555
