0 0 0 0 0 0 0.707102 0.707112
0.1 0.00446397 0.144012 0 0 0 0.700904 0.713255
0.2 0.0165432 0.544876 0 0 0 0.700553 0.7136
0.3 0.0184464 0.547903 0 0 0 0.693946 0.720027
0.4 -0.094769 0.665631 0 0 0 0.688171 0.725548
0.5 -0.0635195 1.08163 0 0 0 0.67013 0.742244
0.6 -0.0786984 0.935576 0 0 0 0.674678 0.738112
0.7 -0.0314927 1.34857 0 0 0 0.664224 0.747533
0.8 0.0195507 1.70512 0 0 0 0.656935 0.753948
0.9 0.0669073 2.02367 0 0 0 0.656193 0.754593
1 0.0819636 2.11763 0 0 0 0.647853 0.761766
1.1 0.149854 2.49458 0 0 0 0.633699 0.77358
1.2 0.127991 2.38684 0 0 0 0.636073 0.771629
1.3 0.198189 2.7304 0 0 0 0.634697 0.772761
1.4 0.233217 2.90492 0 0 0 0.636689 0.77112
1.5 0.307416 3.2445 0 0 0 0.636926 0.770925
1.6 0.377531 3.59579 0 0 0 0.65494 0.755681
1.7 0.381647 3.94757 0 0 0 0.681993 0.731358
1.8 0.390474 4.06952 0 0 0 0.668609 0.743614
1.9 0.433404 4.41949 0 0 0 0.659658 0.751566
2 0.409685 4.77482 0 0 0 0.730134 0.683304
2.1 0.396454 5.00261 0 0 0 0.730255 0.683175
2.2 0.406534 4.88042 0 0 0 0.734881 0.678196
2.3 0.387437 5.22394 0 0 0 0.724483 0.689293
2.4 0.377545 5.57328 0 0 0 0.708748 0.705462
2.5 0.374869 5.92092 0 0 0 0.708013 0.706199
2.6 0.371761 6.24454 0 0 0 0.716541 0.697545
2.7 0.366772 6.59264 0 0 0 0.701682 0.71249
2.8 0.382674 6.979 0 0 0 0.69741 0.716672
2.9 0.386746 7.3182 0 0 0 0.711565 0.70262
3 0.380927 7.6894 0 0 0 0.70617 0.708042
3.1 0.388809 8.00781 0 0 0 0.690761 0.723083
3.2 0.400473 8.39248 0 0 0 0.699522 0.714611
3.3 0.543624 8.67143 0 0 0 0.37986 0.925044
3.4 0.609107 8.73169 0 0 0 0.372696 0.927953
3.5 0.840372 8.95001 0 0 0 0.375652 0.926761
3.6 1.05058 9.19252 0 0 0 0.381342 0.924434
3.7 1.31109 9.43927 0 0 0 0.383407 0.923579
3.8 1.35867 9.48469 0 0 0 0.382581 0.923922
3.9 1.57939 9.71205 0 0 0 0.398664 0.917097
4 1.81123 9.96473 0 0 0 0.3956 0.918423
4.1 1.93595 10.0949 0 0 0 0.397164 0.917748
4.2 2.17009 10.3417 0 0 0 0.411863 0.911246
4.3 2.26301 10.454 0 0 0 0.412429 0.91099
4.4 2.48955 10.7303 0 0 0 0.408767 0.912639
4.5 2.71035 10.9612 0 0 0 0.411293 0.911503
4.6 2.92625 11.2135 0 0 0 0.413253 0.910616
4.7 3.28235 11.3408 0 0 0 0.18069 0.98354
4.8 3.5002 11.4096 0 0 0 0.196043 0.980595
4.9 3.6651 11.4793 0 0 0 0.196457 0.980512
5 3.95896 11.6032 0 0 0 0.192581 0.981281
5.1 4.32571 11.7498 0 0 0 0.179067 0.983837
5.2 4.57481 11.8433 0 0 0 0.175888 0.98441
5.3 4.68086 11.8866 0 0 0 0.175978 0.984394
5.4 4.72493 11.9343 0 0 0 0.168744 0.98566
5.5 5.0615 12.0475 0 0 0 0.154466 0.987998
5.6 5.37808 12.1456 0 0 0 0.146775 0.98917
5.7 5.54901 12.1978 0 0 0 0.152621 0.988285
5.8 5.60658 12.217 0 0 0 0.148562 0.988903
5.9 5.92244 12.3064 0 0 0 0.133116 0.9911
6 6.24889 12.3917 0 0 0 0.116956 0.993137
6.1 6.56497 12.4596 0 0 0 0.104115 0.994565
6.2 6.88823 12.5184 0 0 0 0.100889 0.994898
6.3 7.21807 12.5907 0 0 0 0.099253 0.995062
6.4 7.55229 12.6569 0 0 0 0.0887655 0.996053
6.5 7.63821 12.6768 0 0 0 0.0830404 0.996546
6.6 7.74107 12.698 0 0 0 0.0777813 0.99697
6.7 8.04246 12.7454 0 0 0 0.0734235 0.997301
6.8 8.36236 12.7821 0 0 0 0.0778027 0.996969
6.9 8.70934 12.8362 0 0 0 0.0701262 0.997538
7 8.82353 12.8517 0 0 0 0.060656 0.998159
7.1 9.14161 12.8824 0 0 0 0.0284114 0.999596
7.2 9.50218 12.8972 0 0 0 0.0326882 0.999466
7.3 9.82105 12.9124 0 0 0 0.0324516 0.999473
7.4 9.93874 12.9149 0 0 0 0.0238695 0.999715
7.5 10.3397 12.9222 0 -0 -0 -0.0155584 0.999879
7.6 10.6466 12.9068 0 -0 -0 -0.0243624 0.999703
7.7 10.8198 12.8982 0 -0 -0 -0.0154682 0.99988
7.8 11.2061 12.8857 0 -0 -0 -0.0128021 0.999918
7.9 11.5262 12.8692 0 -0 -0 -0.0378938 0.999282
8 11.8113 12.841 0 -0 -0 -0.0394643 0.999221
8.1 12.1451 12.8111 0 -0 -0 -0.032025 0.999487
8.2 12.3996 12.7927 0 -0 -0 -0.0484807 0.998824
8.3 12.7614 12.7631 0 -0 -0 -0.0395166 0.999219
8.4 13.0736 12.7448 0 -0 -0 -0.0241895 0.999707
8.5 13.1883 12.7275 0 -0 -0 -0.024896 0.99969
8.6 13.5319 12.6956 0 -0 -0 -0.0343368 0.99941
8.7 13.8949 12.658 0 -0 -0 -0.0331233 0.999451
8.8 14.195 12.6348 0 -0 -0 -0.0219365 0.999759
8.9 14.5973 12.6011 0 -0 -0 -0.0364638 0.999335
9 14.7215 12.5905 0 -0 -0 -0.044886 0.998992
9.1 15.0481 12.5687 0 -0 -0 -0.046519 0.998917
9.2 15.4374 12.5392 0 -0 -0 -0.0354192 0.999373
9.3 15.7757 12.5235 0 -0 -0 -0.0485794 0.998819
9.4 16.1395 12.4779 0 -0 -0 -0.048581 0.998819
9.5 16.5028 12.4691 0 -0 -0 -0.0205632 0.999789
9.6 16.8246 12.4518 0 -0 -0 -0.0308705 0.999523
9.7 17.1983 12.4323 0 -0 -0 -0.0421934 0.999109
9.8 17.5026 12.4031 0 -0 -0 -0.0442236 0.999022
9.9 17.855 12.3577 0 -0 -0 -0.0561561 0.998422
10 18.1823 12.3227 0 -0 -0 -0.0572729 0.998359
10.1 18.5054 12.2854 0 -0 -0 -0.0506049 0.998719
10.2 18.8556 12.247 0 -0 -0 -0.0586487 0.998279
10.3 18.8336 12.0382 0 -0 -0 -0.634255 0.773124
10.4 18.9248 11.561 0 -0 -0 -0.634838 0.772645
10.5 18.9474 11.4008 0 -0 -0 -0.642976 0.765886
10.6 19.0013 11.0646 0 -0 -0 -0.665736 0.746188
10.7 19.0237 10.7637 0 -0 -0 -0.68421 0.729285
10.8 19.0373 10.4213 0 -0 -0 -0.677822 0.735226
10.9 19.0544 10.0868 0 -0 -0 -0.689704 0.724091
11 19.0616 9.75745 0 -0 -0 -0.706803 0.707411
11.1 19.0532 9.439 0 -0 -0 -0.709773 0.704431
11.2 19.0385 9.08661 0 -0 -0 -0.709046 0.705162
11.3 19.0308 8.94197 0 -0 -0 -0.713236 0.700924
11.4 19.0098 8.52047 0 -0 -0 -0.733306 0.679899
11.5 19.0022 8.434 0 -0 -0 -0.733211 0.680002
11.6 18.9502 7.96686 0 -0 -0 -0.741803 0.670618
11.7 18.9431 7.87375 0 -0 -0 -0.743154 0.66912
11.8 18.8945 7.42775 0 -0 -0 -0.738559 0.674189
11.9 18.8628 7.12771 0 -0 -0 -0.748799 0.662797
12 18.7975 6.75719 0 -0 -0 -0.770621 0.637294
12.1 18.7099 6.41064 0 -0 -0 -0.77819 0.628029
12.2 18.6955 6.34167 0 -0 -0 -0.776867 0.629664
12.3 18.6186 6.00339 0 -0 -0 -0.781328 0.624121
12.4 18.6973 5.67786 0 -0 -0 -0.645993 0.763343
12.5 18.7371 5.34199 0 -0 -0 -0.661209 0.750202
12.6 18.7721 5.01012 0 -0 -0 -0.653205 0.757181
12.7 18.8202 4.6853 0 -0 -0 -0.645267 0.763957
12.8 18.8798 4.32945 0 -0 -0 -0.646619 0.762813
12.9 18.8929 4.01071 0 -0 -0 -0.702017 0.71216
13 18.8924 3.69008 0 -0 -0 -0.715417 0.698698
13.1 18.8914 3.72128 0 -0 -0 -0.710625 0.703571
13.2 18.8796 3.41868 0 -0 -0 -0.719997 0.693977
13.3 18.8464 3.04367 0 -0 -0 -0.733194 0.680019
13.4 18.8366 2.68436 0 -0 -0 -0.699933 0.714208
13.5 18.8394 2.5831 0 -0 -0 -0.691545 0.722333
13.6 18.8578 2.28236 0 -0 -0 -0.676717 0.736243
13.7 18.8486 2.34102 0 -0 -0 -0.677427 0.73559
13.8 18.8678 1.98931 0 -0 -0 -0.683001 0.730417
13.9 18.8851 1.65385 0 -0 -0 -0.670549 0.741865
14 18.8871 1.51874 0 -0 -0 -0.681321 0.731984
14.1 18.9257 1.11791 0 -0 -0 -0.700626 0.713529
14.2 18.9223 1.159 0 -0 -0 -0.699925 0.714216
14.3 18.9231 0.854564 0 -0 -0 -0.711868 0.702313
14.4 18.9103 0.484199 0 -0 -0 -0.726222 0.68746
14.5 18.8842 0.130264 0 -0 -0 -0.717545 0.696512
14.6 18.8645 -0.246262 0 -0 -0 -0.71393 0.700217
14.7 18.8593 -0.424842 0 -0 -0 -0.724951 0.6888
14.8 18.8337 -0.807816 0 -0 -0 -0.71698 0.697094
14.9 18.8614 -0.960578 0 -0 -0 -0.684814 0.728718
15 18.8711 -1.30281 0 -0 -0 -0.693526 0.720432
15.1 18.8461 -1.65665 0 -0 -0 -0.70766 0.706553
15.2 18.8377 -1.80055 0 -0 -0 -0.719293 0.694706
15.3 18.7826 -2.15126 0 -0 -0 -0.739939 0.672674
15.4 18.7803 -2.47183 0 -0 -0 -0.697846 0.716248
15.5 18.7857 -2.41588 0 -0 -0 -0.711913 0.702268
15.6 18.7896 -2.76699 0 -0 -0 -0.700894 0.713265
15.7 18.7595 -3.10099 0 -0 -0 -0.714339 0.6998
15.8 18.7567 -3.45171 0 -0 -0 -0.697415 0.716667
15.9 18.7627 -3.77488 0 -0 -0 -0.686113 0.727495
16 18.7748 -4.17244 0 -0 -0 -0.693663 0.720299
16.1 18.7767 -4.26032 0 -0 -0 -0.701919 0.712256
16.2 18.7801 -4.61164 0 -0 -0 -0.700476 0.713676
16.3 18.791 -4.6824 0 -0 -0 -0.702676 0.71151
16.4 18.7804 -5.00302 0 -0 -0 -0.704299 0.709903
16.5 18.7801 -5.35398 0 -0 -0 -0.682883 0.730528
16.6 18.5415 -5.4465 0 -0 -0 -0.998056 0.0623211
16.7 18.2191 -5.48342 0 -0 -0 -0.997937 0.0641937
16.8 18.2835 -5.47337 0 -0 -0 -0.997924 0.0643951
16.9 17.9323 -5.52179 0 -0 -0 -0.99567 0.092957
17 17.5892 -5.5843 0 -0 -0 -0.9948 0.101845
17.1 17.7096 -5.5577 0 -0 -0 -0.995201 0.0978555
17.2 17.3869 -5.62164 0 -0 -0 -0.994752 0.102315
17.3 17.2709 -5.64597 0 -0 -0 -0.994885 0.101014
17.4 17.148 -5.67113 0 -0 -0 -0.994237 0.107205
17.5 16.8295 -5.73929 0 -0 -0 -0.992794 0.119831
17.6 16.8844 -5.72571 0 -0 -0 -0.992937 0.118646
17.7 16.5732 -5.80853 0 -0 -0 -0.989317 0.145779
17.8 16.248 -5.88253 0 -0 -0 -0.988918 0.14846
17.9 15.8985 -5.99037 0 -0 -0 -0.986916 0.161235
18 15.4467 -6.14261 0 -0 -0 -0.983881 0.178826
18.1 15.3721 -6.17782 0 -0 -0 -0.983615 0.180282
18.2 15.1598 -6.2574 0 -0 -0 -0.980246 0.19778
18.3 15.0688 -6.30007 0 -0 -0 -0.977134 0.212623
18.4 14.8667 -6.38915 0 -0 -0 -0.975001 0.222202
18.5 14.5609 -6.36642 0 -0 -0 -0.999744 0.0226255
18.6 14.4686 -6.3685 0 -0 -0 -0.999276 0.0380459
18.7 14.1505 -6.39746 0 -0 -0 -0.999238 0.0390329
18.8 13.8248 -6.42081 0 -0 -0 -0.997877 0.0651209
18.9 13.4529 -6.47806 0 -0 -0 -0.995775 0.0918276
19 13.1369 -6.53776 0 -0 -0 -0.99511 0.0987693
19.1 12.7784 -6.60385 0 -0 -0 -0.993843 0.110798
19.2 12.3878 -6.6942 0 -0 -0 -0.989527 0.144348
19.3 12.1028 -6.58431 0 0 0 0.994625 0.103538
19.4 11.7746 -6.51015 0 0 0 0.994667 0.103137
19.5 11.4563 -6.44408 0 0 0 0.997734 0.0672768
19.6 11.2436 -6.43257 0 0 0 0.999996 0.0026679
19.7 11.0524 -6.43244 0 -0 -0 -0.999971 0.0076601
19.8 10.936 -6.43345 0 -0 -0 -0.999934 0.0115281
19.9 10.5435 -6.40556 0 0 0 0.999988 0.00486718
20 10.4492 -6.4015 0 -0 -0 -1 0.000180667
20.1 10.1251 -6.40009 0 -0 -0 -0.999877 0.0156921
20.2 9.77147 -6.40728 0 -0 -0 -0.999698 0.0245683
20.3 9.44392 -6.41112 0 -0 -0 -0.99998 0.00626241
20.4 9.29357 -6.40959 0 -0 -0 -0.999987 0.00504061
20.5 8.8848 -6.41185 0 -0 -0 -0.999872 0.0159966
20.6 8.78951 -6.41389 0 -0 -0 -0.999343 0.0362447
20.7 8.43979 -6.42906 0 -0 -0 -0.999682 0.0252287
20.8 8.67064 -6.41233 0 -0 -0 -0.999242 0.0389242
20.9 8.31804 -6.42978 0 -0 -0 -0.999925 0.0122287
21 7.97141 -6.45593 0 -0 -0 -0.997347 0.0727966
21.1 7.62544 -6.50244 0 -0 -0 -0.99829 0.058448
21.2 7.26848 -6.51428 0 -0 -0 -0.998939 0.046056
21.3 6.91156 -6.53928 0 -0 -0 -0.999747 0.022498
21.4 6.55324 -6.55438 0 -0 -0 -0.999647 0.0265859
21.5 6.38321 -6.56524 0 -0 -0 -0.999708 0.0241463
21.6 6.04593 -6.57966 0 -0 -0 -0.999968 0.00801635
21.7 5.69079 -6.56741 0 0 0 0.999989 0.00472418
21.8 5.57777 -6.56169 0 0 0 0.999991 0.0041607
21.9 5.2479 -6.56242 0 -0 -0 -0.999897 0.0143676
22 4.89669 -6.56759 0 -0 -0 -0.999965 0.00838033
22.1 4.54691 -6.52947 0 0 0 0.999844 0.0176404
22.2 4.22028 -6.51471 0 0 0 0.999923 0.0124006
22.3 3.86066 -6.51187 0 -0 -0 -0.999973 0.00740033
22.4 3.51576 -6.52282 0 -0 -0 -0.999869 0.0162
22.5 3.1905 -6.54871 0 -0 -0 -0.998997 0.0447766
22.6 2.8398 -6.58363 0 -0 -0 -0.997663 0.0683195
22.7 2.52302 -6.63302 0 -0 -0 -0.996523 0.0833237
22.8 2.4035 -6.65504 0 -0 -0 -0.99718 0.0750486
22.9 2.05227 -6.70442 0 -0 -0 -0.998078 0.0619715
23 2.17831 -6.68601 0 -0 -0 -0.997528 0.0702758
23.1 1.82233 -6.7273 0 -0 -0 -0.998507 0.054628
23.2 1.505 -6.75554 0 -0 -0 -0.998037 0.0626341
23.3 1.15425 -6.79498 0 -0 -0 -0.998104 0.0615438
23.4 0.826443 -6.76991 0 0 0 0.999992 0.00388189
23.5 0.448379 -6.76853 0 -0 -0 -0.999945 0.0105273
23.6 0.512327 -6.76633 0 -0 -0 -0.999975 0.0070673
23.7 0.145543 -6.77328 0 -0 -0 -0.999901 0.0140969
23.8 0.192942 -6.3558 0 0 0 0.715791 0.698314
23.9 0.192607 -5.99857 0 0 0 0.717794 0.696255
24 0.185968 -5.81737 0 0 0 0.72147 0.692446
24.1 0.169719 -5.49812 0 0 0 0.733355 0.679846
24.2 0.146533 -5.14004 0 0 0 0.736482 0.676457
24.3 0.13178 -4.79597 0 0 0 0.727045 0.68659
24.4 0.0989148 -4.45862 0 0 0 0.746171 0.665754
24.5 0.0494985 -4.09288 0 0 0 0.745496 0.66651
24.6 0.0238593 -3.756 0 0 0 0.730156 0.68328
24.7 -0.00496997 -3.42545 0 0 0 0.738053 0.674742
24.8 -0.0708614 -3.09492 0 0 0 0.755527 0.655118
24.9 -0.0881461 -2.74528 0 0 0 0.74307 0.669213
25 -0.0902081 -2.3026 0 0 0 0.736413 0.676533
25.1 -0.133059 -2.20026 0 0 0 0.737278 0.675589
25.2 -0.169563 -1.84254 0 0 0 0.743028 0.669261
25.3 -0.211128 -1.5141 0 0 0 0.748743 0.66286
25.4 -0.257855 -1.14739 0 0 0 0.745257 0.666777
25.5 -0.304614 -0.725761 0 0 0 0.736733 0.676184
25.6 -0.323381 -0.444508 0 0 0 0.713866 0.700283
25.7 -0.366451 -0.144309 0 0 0 0.724001 0.689799
25.8 -0.383205 0.166931 0 0 0 0.728499 0.685047
25.9 -0.402009 0.504979 0 0 0 0.727884 0.6857
26 -0.42477 0.829292 0 0 0 0.718563 0.695462
26.1 -0.442061 1.15407 0 0 0 0.728885 0.684637
26.2 -0.463594 1.57361 0 0 0 0.721928 0.691968
26.3 -0.472639 1.899 0 0 0 0.707855 0.706357
26.4 -0.476328 1.95809 0 0 0 0.710999 0.703193
26.5 -0.491367 2.41919 0 0 0 0.720209 0.693757
26.6 -0.498929 2.52472 0 0 0 0.716002 0.698098
26.7 -0.503014 2.84997 0 0 0 0.700549 0.713604
26.8 -0.494862 3.22127 0 0 0 0.68865 0.725094
26.9 -0.48626 3.51423 0 0 0 0.690961 0.722892
27 -0.470872 3.86145 0 0 0 0.691279 0.722588
27.1 -0.469144 3.98466 0 0 0 0.693131 0.720811
27.2 -0.45276 4.33264 0 0 0 0.680025 0.733189
27.3 -0.432649 4.68066 0 0 0 0.6899 0.723905
27.4 -0.423083 4.98169 0 0 0 0.691523 0.722354
27.5 -0.406565 5.33587 0 0 0 0.70628 0.707933
27.6 -0.397932 5.62555 0 0 0 0.700731 0.713426
27.7 -0.394183 5.99954 0 0 0 0.676525 0.73642
27.8 -0.37445 6.31689 0 0 0 0.688562 0.725178
27.9 -0.376507 6.66283 0 0 0 0.706513 0.7077
28 -0.362806 7.00611 0 0 0 0.6886 0.725141
28.1 -0.341049 7.36959 0 0 0 0.670976 0.741479
28.2 -0.308123 7.66232 0 0 0 0.683181 0.730249
28.3 -0.269243 8.00861 0 0 0 0.519405 0.854528
28.4 -0.10027 8.30914 0 0 0 0.513398 0.858151
28.5 0.0937118 8.65368 0 0 0 0.496407 0.86809
28.6 0.304214 8.94744 0 0 0 0.421789 0.906694
28.7 0.476135 9.13776 0 0 0 0.406242 0.913765
28.8 0.587352 9.2649 0 0 0 0.399179 0.916873
28.9 0.817129 9.50302 0 0 0 0.381857 0.924221
29 1.09688 9.72196 0 0 0 0.326756 0.945109
29.1 1.1736 9.78847 0 0 0 0.324188 0.945993
29.2 1.43419 9.98054 0 0 0 0.302965 0.953002
29.3 1.71024 10.157 0 0 0 0.25516 0.966899
29.4 1.871 10.2486 0 0 0 0.252758 0.967529
29.5 2.15366 10.4091 0 0 0 0.249729 0.968316
29.6 2.34712 10.5106 0 0 0 0.236366 0.971664
29.7 2.73306 10.7013 0 0 0 0.234729 0.972061
29.8 2.88294 10.781 0 0 0 0.240139 0.970738
29.9 2.92491 10.8063 0 0 0 0.241306 0.970449
30 3.21917 10.9529 0 0 0 0.237919 0.971285
30.1 3.36647 11.0269 0 0 0 0.235937 0.971768
30.2 3.65957 11.173 0 0 0 0.226476 0.974017
30.3 3.97142 11.3208 0 0 0 0.208084 0.978111
30.4 4.26738 11.4535 0 0 0 0.203754 0.979022
30.5 4.57952 11.5861 0 0 0 0.207057 0.978329
30.6 4.9621 11.7778 0 0 0 0.193008 0.981197
30.7 5.07223 11.8236 0 0 0 0.190624 0.981663
30.8 5.39271 11.9413 0 0 0 0.186887 0.982381
30.9 5.77958 12.1074 0 0 0 0.169881 0.985465
31 5.93137 12.1574 0 0 0 0.160855 0.986978
31.1 6.23325 12.2494 0 0 0 0.153695 0.988118
31.2 6.56977 12.3575 0 0 0 0.141549 0.989931
31.3 6.84855 12.4374 0 0 0 0.139105 0.990278
31.4 6.93656 12.456 0 0 0 0.137073 0.990561
31.5 7.26299 12.5444 0 0 0 0.125179 0.992134
31.6 7.57206 12.6367 0 0 0 0.127667 0.991817
31.7 7.92978 12.7263 0 0 0 0.0992984 0.995058
31.8 8.08275 12.763 0 0 0 0.106215 0.994343
31.9 8.41652 12.8362 0 0 0 0.10289 0.994693
32 8.70174 12.8851 0 0 0 0.0851654 0.996367
32.1 9.0714 12.935 0 0 0 0.0574466 0.998349
32.2 9.39128 12.9617 0 0 0 0.0372918 0.999304
32.3 9.7154 12.9813 0 0 0 0.03657 0.999331
32.4 10.0369 13.0091 0 0 0 0.0350584 0.999385
32.5 10.3532 13.0221 0 0 0 0.0148566 0.99989
32.6 10.6971 13.0278 0 0 0 0.000865754 1
32.7 11.0461 13.0293 0 0 0 0.017337 0.99985
32.8 11.0957 13.0319 0 0 0 0.0189471 0.99982
32.9 11.1885 13.0368 0 0 0 0.0162932 0.999867
33 11.5138 13.0428 0 0 0 0.00311905 0.999995
33.1 11.7394 13.0393 0 -0 -0 -0.00111641 0.999999
33.2 12.0973 13.0234 0 -0 -0 -0.0176763 0.999844
33.3 12.4397 12.9973 0 -0 -0 -0.0416404 0.999133
33.4 12.8214 12.9518 0 -0 -0 -0.0682406 0.997669
33.5 13.1613 12.8949 0 -0 -0 -0.0658528 0.997829
33.6 13.5487 12.8432 0 -0 -0 -0.0647998 0.997898
33.7 13.9063 12.7958 0 -0 -0 -0.0652564 0.997869
33.8 14.2256 12.7559 0 -0 -0 -0.0546675 0.998505
33.9 14.6054 12.7085 0 -0 -0 -0.0664194 0.997792
34 14.8417 12.6805 0 -0 -0 -0.0706083 0.997504
34.1 14.9416 12.6635 0 -0 -0 -0.0631759 0.998002
34.2 15.2909 12.6141 0 -0 -0 -0.0607342 0.998154
34.3 15.646 12.6142 0 -0 -0 -0.0506591 0.998716
34.4 15.9609 12.5726 0 -0 -0 -0.0570333 0.998372
34.5 16.2731 12.5354 0 -0 -0 -0.047592 0.998867
34.6 16.6515 12.506 0 -0 -0 -0.0429899 0.999076
34.7 16.9682 12.4738 0 -0 -0 -0.0621242 0.998068
34.8 17.2993 12.4239 0 -0 -0 -0.0768389 0.997044
34.9 17.6029 12.3609 0 -0 -0 -0.0870972 0.9962
35 17.9491 12.3105 0 -0 -0 -0.0930225 0.995664
35.1 18.2655 12.2552 0 -0 -0 -0.0993407 0.995053
35.2 18.5879 12.1972 0 -0 -0 -0.0936762 0.995603
35.3 18.9014 12.1302 0 -0 -0 -0.102236 0.99476
35.4 18.9067 11.7378 0 -0 -0 -0.692052 0.721848
35.5 18.9232 11.5248 0 -0 -0 -0.679852 0.73335
35.6 18.9436 11.1528 0 -0 -0 -0.686432 0.727194
35.7 18.9463 11.0345 0 -0 -0 -0.693372 0.72058
35.8 18.9521 10.9759 0 -0 -0 -0.6967 0.717362
35.9 18.9597 10.6503 0 -0 -0 -0.700852 0.713306
36 18.9714 10.3219 0 -0 -0 -0.67905 0.734092
36.1 18.9917 10.0065 0 -0 -0 -0.676465 0.736475
36.2 19.0109 9.65017 0 -0 -0 -0.686329 0.727291
36.3 19.0352 9.30477 0 -0 -0 -0.662212 0.749317
36.4 19.0761 8.99164 0 -0 -0 -0.649144 0.760665
36.5 19.1218 8.67233 0 -0 -0 -0.658389 0.752678
36.6 19.1697 8.35533 0 -0 -0 -0.664741 0.747074
36.7 19.2123 8.01013 0 -0 -0 -0.655082 0.755558
36.8 19.2514 7.68098 0 -0 -0 -0.660834 0.750532
36.9 19.2855 7.35602 0 -0 -0 -0.672494 0.740102
37 19.3254 7.01402 0 -0 -0 -0.644944 0.76423
37.1 19.4144 6.69181 0 -0 -0 -0.618645 0.78567
37.2 19.4056 6.30733 0 -0 -0 -0.727348 0.686269
37.3 19.386 6.00029 0 -0 -0 -0.738189 0.674593
37.4 19.3619 5.62238 0 -0 -0 -0.71256 0.701611
37.5 19.3651 5.27035 0 -0 -0 -0.703003 0.711187
37.6 19.3588 5.11075 0 -0 -0 -0.704866 0.709341
37.7 19.351 5.27416 0 -0 -0 -0.786448 0.617656
37.8 19.2124 4.94575 0 -0 -0 -0.818124 0.575041
37.9 19.1129 4.62915 0 -0 -0 -0.809825 0.586671
38 19.0627 4.45902 0 -0 -0 -0.798494 0.602003
38.1 18.9827 4.16258 0 -0 -0 -0.784183 0.620529
38.2 18.9368 3.96827 0 -0 -0 -0.787823 0.615902
38.3 18.8424 3.64576 0 -0 -0 -0.796162 0.605084
38.4 18.8376 3.29773 0 -0 -0 -0.650066 0.759878
38.5 18.8858 2.9475 0 -0 -0 -0.650491 0.759514
38.6 18.9301 2.61585 0 -0 -0 -0.639646 0.768669
38.7 19.0035 2.25143 0 -0 -0 -0.614891 0.788612
38.8 19.087 1.95762 0 -0 -0 -0.649337 0.760501
38.9 19.1344 1.62042 0 -0 -0 -0.656324 0.754479
39 19.1774 1.26427 0 -0 -0 -0.669928 0.742426
39.1 19.1554 0.839381 0 -0 -0 -0.729971 0.683478
39.2 19.1496 0.731717 0 -0 -0 -0.735824 0.677173
39.3 19.1181 0.286922 0 -0 -0 -0.72809 0.685481
39.4 19.1222 0.393789 0 -0 -0 -0.731942 0.681367
39.5 19.106 -0.00881299 0 -0 -0 -0.698595 0.715517
39.6 19.1169 -0.398804 0 -0 -0 -0.688884 0.724872
39.7 19.1077 -0.249281 0 -0 -0 -0.690414 0.723415
39.8 19.1129 -0.669572 0 -0 -0 -0.701451 0.712718
39.9 19.1081 -0.285585 0 -0 -0 -0.690745 0.723099
40 19.1214 -0.720152 0 -0 -0 -0.70191 0.712266
40.1 19.1305 -1.06824 0 -0 -0 -0.688686 0.725059
40.2 19.152 -1.39319 0 -0 -0 -0.666955 0.745098
40.3 19.1877 -1.74467 0 -0 -0 -0.659083 0.75207
40.4 19.1674 -1.50351 0 -0 -0 -0.666432 0.745565
40.5 19.2099 -1.83831 0 -0 -0 -0.659896 0.751357
40.6 19.1983 -2.17047 0 -0 -0 -0.686536 0.727095
40.7 19.2016 -2.50031 0 -0 -0 -0.702392 0.71179
40.8 19.1919 -2.77395 0 -0 -0 -0.711694 0.70249
40.9 19.1908 -2.65897 0 -0 -0 -0.70669 0.707523
41 19.1864 -3.01273 0 -0 -0 -0.717275 0.69679
41.1 19.1843 -3.34024 0 -0 -0 -0.696127 0.717918
41.2 19.1863 -3.46822 0 -0 -0 -0.68417 0.729323
41.3 19.247 -3.79159 0 -0 -0 -0.660529 0.7508
41.4 19.2765 -4.01252 0 -0 -0 -0.637403 0.77053
41.5 19.0144 -4.25493 0 -0 -0 -0.920116 0.391646
41.6 18.8877 -4.38509 0 -0 -0 -0.914012 0.405687
41.7 18.6318 -4.66003 0 -0 -0 -0.912808 0.40839
41.8 18.403 -4.90764 0 -0 -0 -0.913113 0.407707
41.9 18.1522 -5.16446 0 -0 -0 -0.917733 0.397198
42 18.088 -5.23551 0 -0 -0 -0.916086 0.400981
42.1 17.8198 -5.50966 0 -0 -0 -0.924412 0.381395
42.2 17.6282 -5.68413 0 -0 -0 -0.924349 0.381547
42.3 17.568 -5.62231 0 -0 -0 -0.989586 0.143946
42.4 17.2495 -5.70887 0 -0 -0 -0.991168 0.132611
42.5 16.9014 -5.80305 0 -0 -0 -0.990404 0.138205
42.6 16.5952 -5.89561 0 -0 -0 -0.98436 0.176167
42.7 16.3757 -5.96431 0 -0 -0 -0.981037 0.193822
42.8 16.2635 -6.00933 0 -0 -0 -0.97963 0.200812
42.9 15.9727 -6.13085 0 -0 -0 -0.978504 0.206227
43 15.6471 -6.26696 0 -0 -0 -0.980613 0.195956
43.1 15.3621 -6.33122 0 -0 -0 -0.99981 0.0194848
43.2 14.9877 -6.35742 0 -0 -0 -0.998568 0.0534892
43.3 14.582 -6.39735 0 -0 -0 -0.998539 0.0540313
43.4 14.4664 -6.41476 0 -0 -0 -0.998505 0.0546537
43.5 14.0795 -6.44695 0 -0 -0 -0.998541 0.0539905
43.6 13.7787 -6.47585 0 -0 -0 -0.996853 0.0792779
43.7 13.5871 -6.50663 0 -0 -0 -0.995506 0.0947032
43.8 13.2462 -6.57109 0 -0 -0 -0.993284 0.115706
43.9 12.8783 -6.63989 0 -0 -0 -0.998416 0.0562646
44 12.7014 -6.63099 0 -0 -0 -0.999915 0.0130258
44.1 12.3291 -6.66986 0 -0 -0 -0.998673 0.0515061
44.2 11.9834 -6.69454 0 -0 -0 -0.999149 0.0412479
44.3 11.663 -6.71463 0 -0 -0 -0.999947 0.0103384
44.4 11.3512 -6.66334 0 0 0 0.99917 0.040725
44.5 11.0059 -6.63302 0 0 0 0.999714 0.0239078
44.6 10.6579 -6.61323 0 0 0 0.999868 0.0162178
44.7 10.3165 -6.61338 0 -0 -0 -0.999998 0.00209119
44.8 9.96041 -6.63043 0 -0 -0 -0.999147 0.0412867
44.9 9.62919 -6.62538 0 0 0 0.999998 0.00219267
45 9.30639 -6.5846 0 0 0 0.999926 0.0121506
45.1 8.955 -6.58744 0 -0 -0 -0.999997 0.00238516
45.2 8.60646 -6.58695 0 -0 -0 -0.999829 0.0184897
45.3 8.37054 -6.61035 0 -0 -0 -0.998462 0.0554371
45.4 8.4876 -6.60187 0 -0 -0 -0.999762 0.0218258
45.5 8.16288 -6.65139 0 -0 -0 -0.993238 0.1161
45.6 7.82142 -6.73423 0 -0 -0 -0.993377 0.114897
45.7 7.93596 -6.70726 0 -0 -0 -0.993331 0.115298
45.8 7.5803 -6.78505 0 -0 -0 -0.991812 0.127703
45.9 7.24797 -6.84956 0 -0 -0 -0.995319 0.0966431
46 6.85 -6.87668 0 -0 -0 -0.99906 0.0433557
46.1 6.55585 -6.90663 0 -0 -0 -0.998456 0.0555405
46.2 6.48189 -6.91309 0 -0 -0 -0.998423 0.0561354
46.3 6.4567 -6.91406 0 -0 -0 -0.99794 0.0641493
46.4 6.10299 -6.96562 0 -0 -0 -0.993885 0.110418
46.5 5.77347 -7.0372 0 -0 -0 -0.995078 0.0990927
46.6 5.44578 -7.05877 0 -0 -0 -0.99986 0.0167424
46.7 5.11656 -7.07814 0 -0 -0 -0.999231 0.0392157
46.8 4.79148 -7.09954 0 -0 -0 -0.998336 0.0576718
46.9 4.42775 -7.09071 0 -0 -0 -0.99979 0.0204994
47 4.07639 -7.10755 0 -0 -0 -0.999891 0.014781
47.1 3.57706 -7.12014 0 -0 -0 -0.999601 0.0282601
47.2 3.51475 -7.11788 0 -0 -0 -0.999507 0.0314114
47.3 3.16089 -7.09574 0 0 0 0.999849 0.0173716
47.4 2.80992 -7.07716 0 0 0 0.999681 0.025274
47.5 2.75128 -7.08026 0 0 0 0.999604 0.0281421
47.6 2.41696 -7.06488 0 0 0 1 9.58487e-05
47.7 2.0745 -7.06598 0 -0 -0 -0.999942 0.0108141
47.8 1.7469 -7.0489 0 0 0 0.999853 0.0171509
47.9 1.38913 -7.02734 0 0 0 0.999939 0.0110553
48 1.0623 -7.02804 0 -0 -0 -0.999682 0.0252074
48.1 0.70727 -7.04941 0 -0 -0 -0.999689 0.0249538
48.2 0.387127 -7.0557 0 -0 -0 -0.99984 0.017867
48.3 0.246441 -7.0538 0 -0 -0 -0.999774 0.021249
48.4 0.0508387 -7.06412 0 -0 -0 -0.99929 0.0376639
48.5 -0.0183991 -6.78477 0 0 0 0.74542 0.666596
48.6 -0.047371 -6.44159 0 0 0 0.745732 0.666246
48.7 -0.0822041 -6.12087 0 0 0 0.755935 0.654646
48.8 -0.115009 -5.78126 0 0 0 0.749425 0.662089
48.9 -0.150419 -5.44899 0 0 0 0.733176 0.680039
49 -0.175411 -5.09244 0 0 0 0.729989 0.683458
49.1 -0.182998 -4.91672 0 0 0 0.727625 0.685975
49.2 -0.190356 -4.57741 0 0 0 0.722018 0.691874
49.3 -0.211019 -4.21539 0 0 0 0.722624 0.691241
49.4 -0.232605 -3.892 0 0 0 0.726613 0.687047
49.5 -0.24804 -3.77487 0 0 0 0.730576 0.682832
49.6 -0.219238 -3.4502 0 0 0 0.681389 0.731921
49.7 -0.19597 -3.1064 0 0 0 0.667946 0.74421
49.8 -0.159219 -2.75302 0 0 0 0.665599 0.74631
49.9 -0.128886 -2.42907 0 0 0 0.671323 0.741165
50 -0.0866283 -2.10824 0 0 0 0.663795 0.747915
50.1 -0.0772558 -2.04161 0 0 0 0.66318 0.74846
50.2 -0.0443474 -1.68806 0 0 0 0.666883 0.745163
50.3 -0.000591517 -1.39342 0 0 0 0.65535 0.755325
50.4 0.0114558 -1.28987 0 0 0 0.651654 0.758517
50.5 0.0429227 -0.812036 0 0 0 0.697914 0.716182
50.6 0.0471454 -0.573098 0 0 0 0.704118 0.710083
50.7 0.0432432 -0.869924 0 0 0 0.700993 0.713168
50.8 0.049658 -0.51436 0 0 0 0.701544 0.712626
50.9 0.0515305 -0.383799 0 0 0 0.690494 0.723338
51 0.0773259 0.0277585 0 0 0 0.67892 0.734212
51.1 0.104768 0.364006 0 0 0 0.676279 0.736645
51.2 0.107626 0.414813 0 0 0 0.679467 0.733706
51.3 0.13524 0.711455 0 0 0 0.674562 0.738218
51.4 0.145966 0.873071 0 0 0 0.684506 0.729008
51.5 0.155313 1.08077 0 0 0 0.700006 0.714137
51.6 0.099206 1.31077 0 0 0 0.745974 0.665976
51.7 0.0567445 1.66721 0 0 0 0.752913 0.65812
51.8 0.0190342 1.99839 0 0 0 0.74323 0.669036
51.9 -0.0102075 2.34827 0 0 0 0.730414 0.683005
52 -0.0188095 2.45908 0 0 0 0.729174 0.684329
52.1 -0.0338324 2.74455 0 0 0 0.723704 0.690111
52.2 -0.042622 2.88286 0 0 0 0.726686 0.68697
52.3 -0.0527504 3.21372 0 0 0 0.712279 0.701896
52.4 -0.0571165 3.57216 0 0 0 0.716554 0.697532
52.5 -0.0737809 3.89815 0 0 0 0.729813 0.683647
52.6 -0.091834 4.10562 0 0 0 0.743131 0.669146
52.7 -0.129809 4.51268 0 0 0 0.736238 0.676723
52.8 -0.142158 4.66743 0 0 0 0.728719 0.684813
52.9 -0.273238 4.86201 0 -0 -0 -0.998404 0.0564763
53 -0.586363 4.83444 0 -0 -0 -0.996217 0.0868949
53.1 -0.746387 4.81021 0 -0 -0 -0.995669 0.092973
53.2 -0.938433 4.77916 0 -0 -0 -0.994824 0.101614
53.3 -1.32706 4.70731 0 -0 -0 -0.994878 0.101082
53.4 -1.4957 4.67839 0 -0 -0 -0.995061 0.0992675
53.5 -1.53447 4.67497 0 -0 -0 -0.995065 0.099226
53.6 -1.87734 4.61401 0 -0 -0 -0.994356 0.106095
53.7 -2.2156 4.54232 0 -0 -0 -0.993039 0.117783
53.8 -2.53274 4.46858 0 -0 -0 -0.992302 0.123845
53.9 -2.64657 4.44293 0 -0 -0 -0.992466 0.122524
54 -2.95922 4.36409 0 -0 -0 -0.99089 0.134672
54.1 -2.87483 4.39214 0 -0 -0 -0.991869 0.12726
54.2 -3.21175 4.30494 0 -0 -0 -0.987245 0.15921
54.3 -3.54833 4.20122 0 -0 -0 -0.983865 0.178912
54.4 -3.71256 4.14263 0 -0 -0 -0.982183 0.187928
54.5 -3.6728 4.27027 0 0 0 0.371039 0.928617
54.6 -3.32624 4.25897 0 0 0 0.0433574 0.99906
54.7 -2.96834 4.29085 0 0 0 0.0610491 0.998135
54.8 -2.59023 4.32988 0 0 0 0.0315997 0.999501
54.9 -2.4978 4.34089 0 0 0 0.0271913 0.99963
55 -2.38437 4.35154 0 0 0 0.0240721 0.99971
55.1 -2.03537 4.37062 0 0 0 0.013026 0.999915
55.2 -1.86409 4.37842 0 0 0 0.0137787 0.999905
55.3 -1.53901 4.38612 0 0 0 0.0201885 0.999796
55.4 -1.21735 4.4067 0 0 0 0.0157855 0.999875
55.5 -0.870323 4.41815 0 0 0 0.00222522 0.999998
55.6 -0.790724 4.4205 0 0 0 0.000334974 1
55.7 -0.757284 4.42196 0 0 0 0.00582275 0.999983
55.8 -0.376081 4.41615 0 -0 -0 -0.00891118 0.99996
55.9 -0.437118 4.7736 0 0 0 0.587071 0.809536
56 -0.320311 5.09458 0 0 0 0.60249 0.798127
56.1 -0.240755 5.42801 0 0 0 0.631204 0.775617
56.2 -0.22606 5.56715 0 0 0 0.629446 0.777044
56.3 -0.153274 5.87901 0 0 0 0.614111 0.78922
56.4 -0.0593835 6.2137 0 0 0 0.600947 0.799289
56.5 -0.0428241 6.27103 0 0 0 0.602426 0.798175
56.6 0.0443647 6.58614 0 0 0 0.615711 0.787972
56.7 0.266556 6.70176 0 0 0 0.0478709 0.998854
56.8 0.454039 6.71227 0 0 0 0.0554154 0.998463
56.9 0.81676 6.7355 0 0 0 0.0402597 0.999189
57 1.14871 6.74669 0 0 0 0.0296943 0.999559
57.1 1.52589 6.75346 0 0 0 0.0251903 0.999683
57.2 1.63949 6.7612 0 0 0 0.0286069 0.999591
57.3 1.75738 6.77036 0 0 0 0.026382 0.999652
57.4 2.12967 6.78109 0 0 0 0.00400484 0.999992
57.5 2.22008 6.78242 0 -0 -0 -0.00300106 0.999995
57.6 2.08089 6.8969 0 0 0 0.997372 0.0724569
57.7 1.70932 6.95725 0 0 0 0.996206 0.0870292
57.8 1.37745 6.836 0 -0 -0 -0.978773 0.204949
57.9 1.03259 6.73429 0 -0 -0 -0.997703 0.0677358
58 0.802065 6.98461 0 0 0 0.954725 0.29749
58.1 0.507331 7.19725 0 0 0 0.94964 0.313344
58.2 0.236935 7.40968 0 0 0 0.949744 0.313028
58.3 -0.0315088 7.64128 0 0 0 0.943538 0.331265
58.4 0.188849 7.95381 0 0 0 0.498555 0.866858
58.5 0.374608 8.27805 0 0 0 0.503049 0.864258
58.6 0.540422 8.56006 0 0 0 0.496238 0.868187
58.7 0.72426 8.86313 0 0 0 0.483943 0.8751
58.8 0.90495 9.14069 0 0 0 0.475029 0.87997
58.9 1.07081 9.40251 0 0 0 0.474046 0.8805
59 0.953254 9.71262 0 0 0 0.922508 0.385977
59.1 0.70978 9.96308 0 0 0 0.924213 0.381878
59.2 0.439491 10.2135 0 0 0 0.940716 0.339195
59.3 0.165205 10.4397 0 0 0 0.941385 0.337335
59.4 -0.09761 10.6451 0 0 0 0.949454 0.313907
59.5 -0.390281 10.8445 0 0 0 0.959579 0.28144
59.6 -0.433848 11.0715 0 0 0 0.476411 0.879223
59.7 -0.251849 11.3603 0 0 0 0.497364 0.867542
59.8 -0.0764037 11.665 0 0 0 0.502148 0.864782
59.9 0.0853912 11.94 0 0 0 0.492499 0.870313
60 0.263249 12.2337 0 0 0 0.48323 0.875493
60.1 0.438772 12.4978 0 0 0 0.465813 0.884883
60.2 0.310897 12.3043 0 0 0 0.476293 0.879286
60.3 0.50638 12.6282 0 0 0 0.459888 0.887977
60.4 0.559496 12.7838 0 0 0 0.694434 0.719556
60.5 0.592421 12.5619 0 -0 -0 -0.602075 0.798439
60.6 0.656649 12.6617 0 -0 -0 -0.342678 0.939453
60.7 0.91815 12.4604 0 -0 -0 -0.33996 0.94044
60.8 1.21503 12.2068 0 -0 -0 -0.336605 0.941646
60.9 1.45642 11.9921 0 -0 -0 -0.359473 0.933156
61 1.6612 11.7475 0 -0 -0 -0.456415 0.889767
61.1 1.77323 11.5754 0 -0 -0 -0.479132 0.877743
61.2 1.79898 11.5279 0 -0 -0 -0.484366 0.874865
61.3 1.95905 11.2464 0 -0 -0 -0.503366 0.864073
61.4 2.01571 11.1423 0 -0 -0 -0.492582 0.870266
61.5 2.06935 11.0447 0 -0 -0 -0.487532 0.873105
61.6 2.23771 10.7764 0 -0 -0 -0.505418 0.862875
61.7 2.2722 10.7319 0 -0 -0 -0.507125 0.861872
61.8 2.41881 10.4332 0 -0 -0 -0.529201 0.848497
61.9 2.46725 10.454 0 0 0 0.227864 0.973693
62 2.78147 10.6194 0 0 0 0.236869 0.971542
62.1 3.08604 10.7755 0 0 0 0.232361 0.97263
62.2 3.19975 10.8262 0 0 0 0.227937 0.973676
62.3 3.49215 10.9578 0 0 0 0.193459 0.981108
62.4 3.6481 10.7038 0 -0 -0 -0.502292 0.864698
62.5 3.68834 10.6133 0 -0 -0 -0.504877 0.863191
62.6 3.84006 10.3196 0 -0 -0 -0.510275 0.860011
62.7 3.98739 10.0265 0 -0 -0 -0.525925 0.850531
62.8 4.12848 9.73104 0 -0 -0 -0.54117 0.840913
62.9 4.2999 9.42823 0 -0 -0 -0.50943 0.860512
63 4.43949 9.16912 0 -0 -0 -0.511308 0.859397
63.1 4.58926 8.88136 0 -0 -0 -0.510546 0.85985
63.2 4.71904 8.57269 0 -0 -0 -0.668576 0.743644
63.3 4.74319 8.23637 0 -0 -0 -0.686965 0.72669
63.4 4.75341 7.89651 0 -0 -0 -0.69616 0.717887
63.5 4.68738 8.19266 0 0 0 0.699818 0.714322
63.6 4.69205 8.4018 0 0 0 0.694574 0.719421
63.7 4.70534 8.78082 0 0 0 0.699303 0.714826
63.8 4.72043 9.13458 0 0 0 0.696731 0.717333
63.9 4.72444 9.25281 0 0 0 0.696011 0.718031
64 4.74655 9.63064 0 0 0 0.681764 0.731572
64.1 4.90844 9.68222 0 0 0 0.00417021 0.999991
64.2 5.10772 9.68702 0 -0 -0 -0.00513849 0.999987
64.3 5.47919 9.70393 0 0 0 0.0206858 0.999786
64.4 5.83671 9.7182 0 0 0 0.0115954 0.999933
64.5 5.928 9.72464 0 0 0 0.00322177 0.999995
64.6 6.26864 9.71647 0 -0 -0 -0.0297493 0.999557
64.7 6.58799 9.69641 0 -0 -0 -0.0137376 0.999906
64.8 6.676 9.69628 0 -0 -0 -0.0133431 0.999911
64.9 7.00017 9.69119 0 -0 -0 -0.00422678 0.999991
65 7.35066 9.68278 0 -0 -0 -0.0222726 0.999752
65.1 7.58483 9.6081 0 -0 -0 -0.588868 0.808229
65.2 7.19927 9.82262 0 0 0 0.998858 0.0477847
65.3 6.88113 9.86412 0 0 0 0.998763 0.0497188
65.4 6.56925 9.89606 0 0 0 0.999448 0.0332334
65.5 6.21442 9.91342 0 0 0 0.999971 0.00757619
65.6 6.09242 9.91392 0 0 0 1 0.00081908
65.7 5.76209 9.92147 0 0 0 1 0.000466279
65.8 5.41844 9.92097 0 -0 -0 -0.999875 0.0158195
65.9 5.31059 9.91327 0 -0 -0 -0.99978 0.0209744
66 5.06936 10.068 0 0 0 0.773472 0.633831
66.1 4.98387 10.4559 0 0 0 0.770475 0.63747
66.2 4.92617 10.8404 0 0 0 0.76339 0.645938
66.3 4.88291 11.1552 0 0 0 0.760131 0.64977
66.4 4.85403 11.4753 0 0 0 0.740105 0.672491
66.5 4.88573 11.732 0 0 0 0.0861162 0.996285
66.6 5.24184 11.7675 0 0 0 0.0570457 0.998372
66.7 5.10687 11.7519 0 0 0 0.0609285 0.998142
66.8 5.41514 11.7772 0 0 0 0.0479584 0.998849
66.9 5.74841 11.8025 0 0 0 0.017948 0.999839
67 6.1226 11.8081 0 -0 -0 -0.00236273 0.999997
67.1 6.39007 11.9066 0 0 0 0.604518 0.796592
67.2 6.41104 12.3487 0 0 0 0.688695 0.725051
67.3 6.39555 12.2347 0 0 0 0.67991 0.733295
67.4 6.4044 12.2937 0 0 0 0.684825 0.728707
67.5 6.43962 12.6799 0 0 0 0.678484 0.734616
67.6 6.47781 13.0548 0 0 0 0.661581 0.749874
67.7 6.52872 13.4103 0 0 0 0.656317 0.754485
67.8 6.58672 13.7875 0 0 0 0.639363 0.768905
67.9 6.6486 14.13 0 0 0 0.638887 0.769301
68 6.69834 14.4384 0 0 0 0.626831 0.779155
68.1 6.76623 14.7542 0 0 0 0.606553 0.795043
68.2 6.8507 15.0858 0 0 0 0.59927 0.800547
68.3 6.93649 15.4199 0 0 0 0.6063 0.795236
68.4 6.95956 15.3483 0 -0 -0 -0.774049 0.633125
68.5 6.93115 15.0102 0 -0 -0 -0.753756 0.657154
68.6 6.90871 14.7934 0 -0 -0 -0.748595 0.663027
68.7 6.8153 14.3067 0 -0 -0 -0.762749 0.646695
68.8 6.83976 14.4862 0 -0 -0 -0.753824 0.657076
68.9 6.78337 14.1658 0 -0 -0 -0.764263 0.644904
69 6.72493 13.7663 0 -0 -0 -0.749502 0.662002
69.1 6.74736 13.8877 0 -0 -0 -0.755126 0.655579
69.2 6.74505 13.8357 0 -0 -0 -0.751914 0.659262
69.3 6.70395 13.5021 0 -0 -0 -0.737274 0.675594
69.4 6.67042 13.1739 0 -0 -0 -0.745665 0.666321
69.5 6.68743 13.3289 0 -0 -0 -0.741186 0.671299
69.6 6.64311 13.0006 0 -0 -0 -0.750138 0.661281
69.7 6.60882 12.6729 0 -0 -0 -0.736598 0.676331
69.8 6.5876 12.2957 0 -0 -0 -0.721123 0.692807
69.9 6.58756 12.2034 0 -0 -0 -0.722151 0.691736
70 6.90095 12.2393 0 0 0 0.018925 0.999821
70.1 7.2769 12.2406 0 0 0 0.00700334 0.999975
70.2 7.31977 12.2413 0 0 0 0.00461334 0.999989
70.3 7.68897 12.2338 0 -0 -0 -0.00795818 0.999968
70.4 8.03547 12.2124 0 -0 -0 -0.0305857 0.999532
70.5 8.15486 12.2092 0 -0 -0 -0.0313567 0.999508
70.6 8.48813 12.2458 0 0 0 0.0337346 0.999431
70.7 8.83525 12.2588 0 0 0 0.0327308 0.999464
70.8 9.16307 12.2795 0 0 0 0.0393297 0.999226
70.9 9.51346 12.3505 0 0 0 0.062842 0.998023
71 9.83642 12.3792 0 0 0 0.0413826 0.999143
71.1 10.1687 12.3948 0 0 0 0.0129285 0.999916
71.2 10.5185 12.3953 0 -0 -0 -0.013383 0.99991
71.3 10.8649 12.3743 0 -0 -0 -0.0341226 0.999418
71.4 11.1987 12.3575 0 0 0 0.0117225 0.999931
71.5 11.076 12.3591 0 -0 -0 -0.0324544 0.999473
71.6 11.4053 12.4306 0 0 0 0.176401 0.984318
71.7 11.7541 12.5393 0 0 0 0.145116 0.989415
71.8 12.0446 12.6172 0 0 0 0.124279 0.992247
71.9 12.2603 12.6769 0 0 0 0.110773 0.993846
72 12.597 12.7415 0 0 0 0.0870826 0.996201
72.1 12.9212 12.7827 0 0 0 0.0750812 0.997177
72.2 13.2337 12.8291 0 0 0 0.0668586 0.997762
72.3 13.283 13.1038 0 0 0 0.739632 0.673011
72.4 13.269 13.204 0 0 0 0.726968 0.686671
72.5 13.2557 13.5389 0 0 0 0.719376 0.694621
72.6 13.2601 13.2663 0 0 0 0.731737 0.681587
72.7 13.2626 13.6595 0 0 0 0.688306 0.725421
72.8 13.2914 14.0042 0 0 0 0.672567 0.740037
72.9 13.2801 13.8204 0 0 0 0.679393 0.733775
73 13.321 14.1655 0 0 0 0.664084 0.747658
73.1 13.4051 14.5118 0 0 0 0.647119 0.762389
73.2 13.4213 14.5705 0 0 0 0.644381 0.764705
73.3 13.4923 14.9102 0 0 0 0.641259 0.767325
73.4 13.5544 15.2244 0 0 0 0.6485 0.761215
73.5 13.6228 15.5441 0 0 0 0.627783 0.778389
73.6 13.7091 15.8804 0 0 0 0.618727 0.785606
73.7 13.7532 16.0349 0 0 0 0.615201 0.788371
73.8 13.6555 15.7297 0 -0 -0 -0.738907 0.673807
73.9 13.6304 15.377 0 -0 -0 -0.741408 0.671054
74 13.56 14.9609 0 -0 -0 -0.752417 0.658687
74.1 13.5432 14.779 0 -0 -0 -0.750869 0.660451
74.2 13.5388 14.377 0 -0 -0 -0.73281 0.680433
74.3 13.5368 14.258 0 -0 -0 -0.733291 0.679915
74.4 13.5193 13.9362 0 -0 -0 -0.736146 0.676823
74.5 13.3975 13.5992 0 -0 -0 -0.730605 0.682801
74.6 13.3955 13.274 0 -0 -0 -0.725809 0.687897
74.7 13.39 12.932 0 -0 -0 -0.7259 0.6878
74.8 13.3808 12.5934 0 -0 -0 -0.743758 0.668449
74.9 13.6908 12.682 0 -0 -0 -0.00299146 0.999996
75 14.0103 12.688 0 0 0 0.00280489 0.999996
75.1 14.3393 12.6895 0 0 0 0.00486085 0.999988
75.2 14.6627 12.6901 0 -0 -0 -0.0101733 0.999948
75.3 15.0401 12.6683 0 -0 -0 -0.0205184 0.999789
75.4 15.391 12.676 0 -0 -0 -0.0184755 0.999829
75.5 15.7545 12.6533 0 -0 -0 -0.0258161 0.999667
75.6 16.1133 12.6268 0 -0 -0 -0.0428863 0.99908
75.7 16.4429 12.5931 0 -0 -0 -0.0527635 0.998607
75.8 16.7538 12.5586 0 -0 -0 -0.0642348 0.997935
75.9 17.0739 12.5136 0 -0 -0 -0.0953336 0.995445
76 17.4122 12.4486 0 -0 -0 -0.0894087 0.995995
76.1 17.7402 12.378 0 -0 -0 -0.0968746 0.995297
76.2 18.0651 12.3051 0 -0 -0 -0.11155 0.993759
76.3 18.3789 12.2242 0 -0 -0 -0.121729 0.992563
76.4 18.486 12.1915 0 -0 -0 -0.11915 0.992876
76.5 18.7901 12.1082 0 -0 -0 -0.133319 0.991073
76.6 19.1021 12.0188 0 -0 -0 -0.151302 0.988488
76.7 19.2253 12.1933 0 0 0 0.693542 0.720416
76.8 19.2498 12.5827 0 0 0 0.687047 0.726613
76.9 19.2739 12.9546 0 0 0 0.668782 0.743458
77 19.3047 13.2924 0 0 0 0.664082 0.74766
77.1 19.3599 13.6952 0 0 0 0.658591 0.752501
77.2 19.3936 13.9537 0 0 0 0.649586 0.760288
77.3 19.4048 14.0659 0 0 0 0.650247 0.759723
77.4 19.4644 14.3812 0 0 0 0.631197 0.775623
77.5 19.5442 14.719 0 0 0 0.604819 0.796363
77.6 19.6414 15.0542 0 0 0 0.60258 0.798058
77.7 19.6769 15.4289 0 0 0 0.664795 0.747026
77.8 19.6876 15.5502 0 0 0 0.679969 0.733241
77.9 19.6797 15.8982 0 0 0 0.696017 0.718025
78 19.6957 16.24 0 0 0 0.685136 0.728415
78.1 19.6245 16.1159 0 -0 -0 -0.948071 0.318059
78.2 19.6885 15.8652 0 -0 -0 -0.792389 0.610016
78.3 19.6021 15.5543 0 -0 -0 -0.801488 0.598011
78.4 19.5045 15.2493 0 -0 -0 -0.80343 0.595399
78.5 19.4045 14.9171 0 -0 -0 -0.793502 0.608567
78.6 19.464 15.1421 0 -0 -0 -0.800435 0.59942
78.7 19.3648 14.799 0 -0 -0 -0.783958 0.620814
78.8 19.3099 14.4861 0 -0 -0 -0.772823 0.634621
78.9 19.2773 14.3108 0 -0 -0 -0.764452 0.64468
79 19.263 13.9542 0 -0 -0 -0.742839 0.66947
79.1 19.1819 13.6517 0 -0 -0 -0.748927 0.662652
79.2 19.1458 13.303 0 -0 -0 -0.739444 0.673218
79.3 19.1661 13.4796 0 -0 -0 -0.749489 0.662016
79.4 19.1361 13.0816 0 -0 -0 -0.735939 0.677048
79.5 19.1241 12.9736 0 -0 -0 -0.727242 0.686381
79.6 19.1987 12.7115 0 -0 -0 -0.66743 0.744672
79.7 19.1749 12.5438 0 -0 -0 -0.704752 0.709453
79.8 19.1697 12.1744 0 -0 -0 -0.712905 0.701261
79.9 19.1628 11.8522 0 -0 -0 -0.709008 0.7052
80 19.1647 11.7434 0 -0 -0 -0.70159 0.712581
80.1 19.1657 11.4322 0 -0 -0 -0.700107 0.714038
80.2 19.1523 11.0756 0 -0 -0 -0.71434 0.699799
80.3 19.421 11.0802 0 0 0 0.0292942 0.999571
80.4 19.8048 11.1049 0 0 0 0.0367422 0.999325
80.5 19.9897 11.1219 0 0 0 0.0372659 0.999305
80.6 20.2998 11.1426 0 0 0 0.0186016 0.999827
80.7 20.6136 11.1468 0 0 0 0.0103726 0.999946
80.8 20.7383 11.1496 0 0 0 0.00458217 0.99999
80.9 21.1416 11.1543 0 0 0 0.0131423 0.999914
81 21.2315 11.1576 0 0 0 0.00732157 0.999973
81.1 21.2125 11.1693 0 -0 -0 -0.0752423 0.997165
81.2 21.3945 11.0863 0 -0 -0 -0.131693 0.991291
81.3 21.0079 11.0212 0 -0 -0 -0.983994 0.178199
81.4 20.9323 10.996 0 -0 -0 -0.981656 0.190663
81.5 20.964 11.0087 0 -0 -0 -0.982922 0.184024
81.6 20.6673 10.8885 0 -0 -0 -0.980956 0.194232
81.7 20.3337 10.7492 0 -0 -0 -0.977215 0.212251
81.8 20.0328 10.6217 0 -0 -0 -0.973012 0.230753
81.9 19.6372 10.4294 0 -0 -0 -0.971414 0.237391
82 19.5397 10.3806 0 -0 -0 -0.969928 0.243394
82.1 19.228 10.2265 0 -0 -0 -0.967238 0.253873
82.2 18.9474 10.0688 0 -0 -0 -0.96362 0.267277
82.3 18.8945 10.0325 0 -0 -0 -0.962567 0.271043
82.4 18.7655 9.77186 0 -0 -0 -0.751336 0.65992
82.5 18.7272 9.47019 0 -0 -0 -0.739031 0.673671
82.6 18.705 9.09978 0 -0 -0 -0.724763 0.688999
82.7 18.7062 8.74432 0 -0 -0 -0.682265 0.731105
82.8 18.7321 8.45644 0 -0 -0 -0.668866 0.743383
82.9 18.7584 8.12881 0 -0 -0 -0.680637 0.73262
83 18.7584 8.03169 0 -0 -0 -0.682392 0.730986
83.1 18.7735 7.83362 0 -0 -0 -0.68501 0.728534
83.2 18.7666 7.94728 0 -0 -0 -0.687931 0.725776
83.3 18.7805 7.58082 0 -0 -0 -0.676794 0.736173
83.4 18.8378 7.27649 0 -0 -0 -0.64922 0.7606
83.5 18.8613 7.17397 0 -0 -0 -0.64862 0.761112
83.6 18.8735 7.11674 0 -0 -0 -0.645963 0.763369
83.7 18.9227 6.79367 0 -0 -0 -0.655617 0.755094
83.8 18.974 6.47903 0 -0 -0 -0.634292 0.773094
83.9 19.0459 6.1283 0 -0 -0 -0.616797 0.787123
84 19.115 5.81456 0 -0 -0 -0.624143 0.78131
84.1 19.1943 5.42563 0 -0 -0 -0.623369 0.781928
84.2 19.1609 5.53391 0 -0 -0 -0.620712 0.784039
84.3 19.2334 5.21008 0 -0 -0 -0.626799 0.779181
84.4 19.3177 4.87135 0 -0 -0 -0.621024 0.783792
84.5 19.6983 4.92994 0 -0 -0 -0.0395028 0.999219
84.6 19.6596 4.94038 0 -0 -0 -0.0427696 0.999085
84.7 20.0064 4.96563 0 0 0 0.023221 0.99973
84.8 19.9488 4.96075 0 0 0 0.0234086 0.999726
84.9 20.3256 4.97337 0 0 0 0.00953737 0.999955
85 20.6781 4.96993 0 -0 -0 -0.00917297 0.999958
85.1 20.7685 4.96616 0 -0 -0 -0.0151033 0.999886
85.2 20.823 4.96252 0 -0 -0 -0.0135962 0.999908
85.3 21.1407 4.94502 0 -0 -0 -0.0230841 0.999734
85.4 21.3114 4.9349 0 -0 -0 -0.024639 0.999696
85.5 21.6867 4.90185 0 -0 -0 -0.0525391 0.998619
85.6 21.8568 4.87946 0 -0 -0 -0.0632897 0.997995
85.7 21.7636 4.89318 0 -0 -0 -0.987262 0.159104
85.8 21.4156 4.78015 0 -0 -0 -0.989443 0.144919
85.9 21.0323 4.77075 0 -0 -0 -0.998657 0.0518132
86 20.9313 4.75986 0 -0 -0 -0.998708 0.050823
86.1 20.5887 4.72486 0 -0 -0 -0.997111 0.0759638
86.2 20.4987 4.7148 0 -0 -0 -0.996319 0.0857266
86.3 20.3088 4.68934 0 -0 -0 -0.995692 0.0927252
86.4 19.9952 4.63287 0 -0 -0 -0.992866 0.119238
86.5 19.6779 4.59603 0 -0 -0 -0.99769 0.0679261
86.6 19.3007 4.55627 0 -0 -0 -0.997986 0.0634382
86.7 18.964 4.51105 0 -0 -0 -0.994448 0.105225
86.8 18.9429 4.19768 0 -0 -0 -0.756498 0.653996
86.9 18.8782 3.83709 0 -0 -0 -0.759263 0.650784
87 18.8184 3.48777 0 -0 -0 -0.766191 0.642612
87.1 19.0359 3.52302 0 0 0 0.0611977 0.998126
87.2 19.4486 3.54078 0 0 0 0.013186 0.999913
87.3 19.5132 3.53713 0 0 0 0.022823 0.99974
87.4 19.8684 3.54565 0 0 0 0.0363096 0.999341
87.5 20.195 3.49024 0 -0 -0 -0.10303 0.994678
87.6 20.5078 3.42242 0 -0 -0 -0.113682 0.993517
87.7 20.8463 3.33684 0 -0 -0 -0.106973 0.994262
87.8 20.9587 3.31096 0 -0 -0 -0.107161 0.994242
87.9 21.2446 3.24681 0 -0 -0 -0.0968806 0.995296
88 21.5655 3.1835 0 -0 -0 -0.0952736 0.995451
88.1 21.9316 3.10939 0 -0 -0 -0.102846 0.994697
88.2 22.0783 3.07569 0 -0 -0 -0.106078 0.994358
88.3 22.263 3.03303 0 -0 -0 -0.122312 0.992492
88.4 21.9104 3.15555 0 -0 -0 -0.16106 0.986945
88.5 21.7463 3.2128 0 -0 -0 -0.193531 0.981094
88.6 21.2407 3.19188 0 0 0 0.999297 0.0375019
88.7 20.8988 3.21826 0 0 0 0.998997 0.0447847
88.8 20.5812 3.29784 0 0 0 0.996899 0.0786935
88.9 20.2331 3.35056 0 0 0 0.998726 0.0504679
89 20.0918 3.3613 0 0 0 0.999085 0.042774
89.1 19.7207 3.38964 0 0 0 0.99999 0.00455102
89.2 19.8336 3.39007 0 0 0 0.999928 0.0119964
89.3 19.5012 3.39175 0 -0 -0 -0.99997 0.00769626
89.4 19.3524 3.38202 0 -0 -0 -0.999848 0.01745
89.5 18.9733 3.3534 0 -0 -0 -0.999364 0.0356678
89.6 18.9361 3.1173 0 -0 -0 -0.642265 0.766482
89.7 18.9895 2.78358 0 -0 -0 -0.640219 0.768193
89.8 19.0588 2.32453 0 -0 -0 -0.637765 0.770231
89.9 19.0268 2.48589 0 -0 -0 -0.635764 0.771883
90 19.08 2.18998 0 -0 -0 -0.677266 0.735738
90.1 19.1026 1.85987 0 -0 -0 -0.677492 0.73553
90.2 19.1222 1.54028 0 -0 -0 -0.68137 0.731939
90.3 19.1509 1.20205 0 -0 -0 -0.699992 0.714151
90.4 19.1405 0.869611 0 -0 -0 -0.716196 0.697899
90.5 19.0869 0.488358 0 -0 -0 -0.727592 0.68601
90.6 19.0745 0.364886 0 -0 -0 -0.735594 0.677422
90.7 19.0795 0.440054 0 -0 -0 -0.734849 0.67823
90.8 19.0545 0.083509 0 -0 -0 -0.715486 0.698627
90.9 19.0545 -0.248297 0 -0 -0 -0.710865 0.703329
91 19.0517 -0.6044 0 -0 -0 -0.725916 0.687783
91.1 19.0251 -0.927807 0 -0 -0 -0.730926 0.682457
91.2 19.0067 -1.24213 0 -0 -0 -0.725234 0.688503
91.3 18.9798 -1.56474 0 -0 -0 -0.738566 0.674181
91.4 18.934 -1.94692 0 -0 -0 -0.743932 0.668255
91.5 18.8809 -2.24174 0 -0 -0 -0.757339 0.653022
91.6 18.985 -2.49103 0 -0 -0 -0.0979956 0.995187
91.7 19.3177 -2.50691 0 -0 -0 -0.0346545 0.999399
91.8 19.6491 -2.45139 0 0 0 0.106654 0.994296
91.9 19.5251 -2.48203 0 0 0 0.0592229 0.998245
92 19.869 -2.40813 0 0 0 0.112239 0.993681
92.1 19.9559 -2.38686 0 0 0 0.11305 0.993589
92.2 20.2456 -2.2433 0 0 0 0.230372 0.973103
92.3 20.5793 -2.01917 0 0 0 0.292471 0.956274
92.4 20.6538 -1.96457 0 0 0 0.308667 0.95117
92.5 20.9501 -1.78648 0 0 0 0.291254 0.956646
92.6 21.2786 -1.63809 0 0 0 0.130913 0.991394
92.7 21.6362 -1.64874 0 -0 -0 -0.0214566 0.99977
92.8 21.9753 -1.65222 0 0 0 0.0342447 0.999413
92.9 21.6732 -1.71696 0 -0 -0 -0.992952 0.118517
93 21.318 -1.79272 0 -0 -0 -0.994484 0.104892
93.1 21.0019 -1.85803 0 -0 -0 -0.994363 0.10603
93.2 20.5967 -1.93598 0 -0 -0 -0.995514 0.0946135
93.3 20.3203 -2.00054 0 -0 -0 -0.985265 0.171035
93.4 20.0364 -2.13802 0 -0 -0 -0.975034 0.222056
93.5 19.7412 -2.29916 0 -0 -0 -0.971955 0.235166
93.6 19.6349 -2.36089 0 -0 -0 -0.972977 0.230902
93.7 19.5548 -2.40813 0 -0 -0 -0.973689 0.22788
93.8 19.2067 -2.55344 0 -0 -0 -0.982838 0.18447
93.9 19.0467 -2.72564 0 -0 -0 -0.694618 0.719379
94 19.057 -3.06721 0 -0 -0 -0.692893 0.721041
94.1 19.0783 -3.42103 0 -0 -0 -0.667892 0.744258
94.2 19.1446 -3.74052 0 -0 -0 -0.636949 0.770906
94.3 19.2093 -4.09183 0 -0 -0 -0.629193 0.777249
94.4 19.5095 -3.98227 0 0 0 0.0123753 0.999923
94.5 19.848 -3.97738 0 0 0 0.0374083 0.9993
94.6 20.1081 -3.95855 0 0 0 0.0324035 0.999475
94.7 20.466 -3.92642 0 0 0 0.0315455 0.999502
94.8 20.8003 -3.90128 0 0 0 0.0284359 0.999596
94.9 21.1733 -3.88072 0 0 0 0.05375 0.998554
95 21.4895 -3.84144 0 0 0 0.0569624 0.998376
95.1 21.8087 -3.81112 0 0 0 0.0176824 0.999844
95.2 22.1542 -3.80495 0 -0 -0 -0.000545765 1
95.3 22.4738 -3.80665 0 0 0 0.0327159 0.999465
95.4 22.5153 -3.80291 0 0 0 0.031565 0.999502
95.5 22.3009 -3.80938 0 0 0 0.00713125 0.999975
95.6 22.187 -3.80823 0 -0 -0 -0.00194308 0.999998
95.7 22.1313 -3.80572 0 -0 -0 -0.00794457 0.999968
95.8 21.7874 -3.75841 0 -0 -0 -0.0477312 0.99886
95.9 21.3552 -3.68731 0 -0 -0 -0.998822 0.0485212
96 20.9849 -3.71907 0 -0 -0 -0.998173 0.0604151
96.1 20.6474 -3.76339 0 -0 -0 -0.995476 0.0950152
96.2 20.3374 -3.88521 0 -0 -0 -0.971283 0.237927
96.3 20.0123 -4.05621 0 -0 -0 -0.974101 0.226112
96.4 19.7217 -4.20634 0 -0 -0 -0.971546 0.236852
96.5 19.4378 -4.36213 0 -0 -0 -0.968873 0.247558
96.6 19.1614 -4.51809 0 -0 -0 -0.963104 0.269128
96.7 19.1511 -4.59199 0 -0 -0 -0.624755 0.780821
96.8 19.2784 -4.73434 0 -0 -0 -0.470743 0.88227
96.9 19.427 -4.95967 0 -0 -0 -0.482905 0.875673
97 19.5897 -5.34305 0 -0 -0 -0.539824 0.841778
97.1 19.543 -5.24042 0 -0 -0 -0.537329 0.843373
97.2 19.6766 -5.54245 0 -0 -0 -0.536112 0.844147
97.3 19.8114 -5.83102 0 -0 -0 -0.555725 0.831366
97.4 19.9356 -6.16207 0 -0 -0 -0.563791 0.825918
97.5 19.8729 -5.994 0 -0 -0 -0.561625 0.827392
97.6 19.979 -6.29569 0 -0 -0 -0.561377 0.82756
97.7 20.1397 -6.66442 0 -0 -0 -0.534929 0.844897
97.8 20.2863 -6.98642 0 -0 -0 -0.543212 0.839596
97.9 20.305 -7.03807 0 -0 -0 -0.539421 0.842037
98 20.483 -7.35359 0 -0 -0 -0.515319 0.856998
98.1 20.6589 -7.69066 0 -0 -0 -0.524901 0.851163
98.2 20.5547 -7.4859 0 -0 -0 -0.511943 0.859019
98.3 20.6954 -7.76781 0 -0 -0 -0.521812 0.85306
98.4 20.4946 -7.59104 0 0 0 0.901803 0.432147
98.5 20.2631 -7.22658 0 0 0 0.890701 0.45459
98.6 20.2125 -7.13982 0 0 0 0.892233 0.451574
98.7 20.1764 -7.08453 0 0 0 0.894321 0.447425
98.8 19.9062 -6.77753 0 0 0 0.916451 0.400147
98.9 19.7993 -6.67016 0 0 0 0.915611 0.402064
99 19.7573 -6.61193 0 0 0 0.917165 0.398507
99.1 19.5521 -6.40063 0 0 0 0.922403 0.386228
99.2 19.2681 -6.13663 0 0 0 0.935189 0.354148
99.3 19.2343 -6.10262 0 0 0 0.934175 0.356814
99.4 19.1537 -6.02682 0 0 0 0.931338 0.364155
99.5 18.9641 -5.77385 0 0 0 0.900185 0.435508
99.6 18.7266 -5.51018 0 0 0 0.907525 0.419998
99.7 18.5821 -5.33967 0 0 0 0.903646 0.428281
99.8 18.3618 -5.09715 0 0 0 0.916905 0.399106
99.9 18.1239 -4.85691 0 0 0 0.92353 0.383525
100 17.8854 -4.58878 0 0 0 0.919054 0.394132
100.1 17.6296 -4.34656 0 0 0 0.928698 0.370836
100.2 17.3991 -4.12568 0 0 0 0.927299 0.374322
100.3 17.1751 -3.82555 0 0 0 0.876056 0.48221
100.4 17.2303 -4.22426 0 -0 -0 -0.625348 0.780346
100.5 17.3115 -4.60516 0 -0 -0 -0.642146 0.766582
100.6 17.3134 -4.90942 0 -0 -0 -0.700751 0.713406
100.7 17.3237 -5.31724 0 -0 -0 -0.691317 0.722551
100.8 17.3538 -5.61319 0 -0 -0 -0.659843 0.751404
100.9 17.4057 -5.95431 0 -0 -0 -0.664656 0.747149
101 17.4221 -6.04648 0 -0 -0 -0.676143 0.73677
101.1 17.4047 -6.46223 0 -0 -0 -0.702844 0.711344
101.2 17.4135 -6.6162 0 -0 -0 -0.692807 0.721123
101.3 17.4372 -6.94159 0 -0 -0 -0.672466 0.740128
101.4 17.4303 -7.26718 0 -0 -0 -0.729295 0.684199
101.5 17.4147 -7.5852 0 -0 -0 -0.727011 0.686626
101.6 17.3998 -7.90446 0 -0 -0 -0.70914 0.705068
101.7 17.3968 -8.21582 0 -0 -0 -0.706204 0.708008
101.8 17.3871 -8.54627 0 -0 -0 -0.718177 0.695861
101.9 17.376 -8.89653 0 -0 -0 -0.717043 0.697029
102 17.3766 -9.01231 0 -0 -0 -0.713754 0.700396
102.1 17.3808 -9.24568 0 -0 -0 -0.694218 0.719765
102.2 17.4357 -9.28947 0 0 0 0.566107 0.824332
102.3 17.3483 -8.94656 0 0 0 0.761981 0.647599
102.4 17.2804 -8.57367 0 0 0 0.778342 0.627841
102.5 17.2074 -8.2368 0 0 0 0.765539 0.643389
102.6 17.1547 -7.9108 0 0 0 0.761967 0.647616
102.7 17.0884 -7.56356 0 0 0 0.779966 0.625822
102.8 17.073 -7.46584 0 0 0 0.782434 0.622733
102.9 16.9978 -7.12482 0 0 0 0.788292 0.615302
103 16.9619 -7.00888 0 0 0 0.790813 0.612057
103.1 16.8305 -6.57092 0 0 0 0.800535 0.599285
103.2 16.8501 -6.68486 0 0 0 0.801159 0.598451
103.3 16.7603 -6.36527 0 0 0 0.798899 0.601465
103.4 16.6644 -6.04396 0 0 0 0.800438 0.599416
103.5 16.4613 -5.88932 0 -0 -0 -0.994561 0.104154
103.6 16.3638 -5.90985 0 -0 -0 -0.993831 0.110905
103.7 16.0328 -5.98291 0 -0 -0 -0.993874 0.11052
103.8 16.2024 -5.9414 0 -0 -0 -0.994256 0.107029
103.9 15.8252 -6.02146 0 -0 -0 -0.993978 0.109583
104 15.486 -6.08394 0 -0 -0 -0.995198 0.0978823
104.1 15.544 -6.45292 0 -0 -0 -0.706914 0.707299
104.2 15.5393 -6.74963 0 -0 -0 -0.713758 0.700392
104.3 15.4865 -7.10036 0 -0 -0 -0.735778 0.677223
104.4 15.4724 -7.43436 0 -0 -0 -0.706296 0.707917
104.5 15.4808 -7.7547 0 -0 -0 -0.691225 0.722639
104.6 15.3736 -7.43394 0 0 0 0.760549 0.649281
104.7 15.3993 -7.10833 0 0 0 0.712816 0.701351
104.8 15.3741 -6.99226 0 0 0 0.714333 0.699806
104.9 15.3578 -6.59272 0 0 0 0.703786 0.710413
105 15.3649 -6.64042 0 0 0 0.708574 0.705637
105.1 15.3856 -6.26159 0 0 0 0.687542 0.726145
105.2 15.3891 -6.22566 0 0 0 0.686762 0.726882
105.3 15.4037 -6.09274 0 0 0 0.68384 0.729632
105.4 15.2024 -6.02115 0 -0 -0 -0.988482 0.151337
105.5 14.88 -6.1169 0 -0 -0 -0.992137 0.125154
105.6 14.5569 -6.18037 0 -0 -0 -0.994574 0.10403
105.7 14.1743 -6.24657 0 -0 -0 -0.994873 0.101131
105.8 13.9125 -6.30341 0 -0 -0 -0.990954 0.134199
105.9 14.0748 -6.25446 0 -0 -0 -0.9939 0.110282
106 13.7464 -6.34398 0 -0 -0 -0.991315 0.131512
106.1 13.6508 -6.36471 0 -0 -0 -0.994222 0.107343
106.2 13.3283 -6.37073 0 -0 -0 -0.998495 0.0548513
106.3 12.9949 -6.41419 0 -0 -0 -0.997526 0.0702948
106.4 12.9099 -6.42001 0 -0 -0 -0.997 0.0774071
106.5 12.5915 -6.47511 0 -0 -0 -0.993225 0.116209
106.6 12.7371 -6.44307 0 -0 -0 -0.995536 0.0943874
106.7 12.4166 -6.51532 0 -0 -0 -0.996861 0.0791734
106.8 12.1061 -6.50499 0 -0 -0 -0.999884 0.0152461
106.9 11.7352 -6.51443 0 -0 -0 -0.999682 0.0252307
107 11.4574 -6.53991 0 -0 -0 -0.997654 0.0684652
107.1 11.1774 -6.58789 0 -0 -0 -0.994277 0.106835
107.2 11.4083 -6.5415 0 -0 -0 -0.996595 0.082447
107.3 10.9278 -6.63584 0 -0 -0 -0.991539 0.129805
107.4 10.5308 -6.66367 0 -0 -0 -0.998054 0.0623631
107.5 10.137 -6.71821 0 -0 -0 -0.996031 0.089004
107.6 9.84478 -6.77432 0 -0 -0 -0.993459 0.11419
107.7 9.88174 -7.09434 0 -0 -0 -0.66807 0.744099
107.8 9.89214 -7.16384 0 -0 -0 -0.666423 0.745574
107.9 9.9268 -7.48738 0 -0 -0 -0.672951 0.739687
108 9.9238 -7.43182 0 -0 -0 -0.670947 0.741506
108.1 9.9292 -7.78434 0 -0 -0 -0.680265 0.732966
108.2 9.82728 -7.44416 0 0 0 0.817205 0.576348
108.3 9.71645 -7.11719 0 0 0 0.80782 0.58943
108.4 9.61521 -6.80662 0 0 0 0.800786 0.598951
108.5 9.50234 -6.41945 0 0 0 0.796452 0.604702
108.6 9.33812 -6.52723 0 -0 -0 -0.998159 0.0606456
108.7 8.93909 -6.57294 0 -0 -0 -0.996817 0.0797262
108.8 8.62056 -6.6328 0 -0 -0 -0.995171 0.0981607
108.9 8.45562 -6.65451 0 -0 -0 -0.994637 0.103427
109 8.42828 -6.91991 0 -0 -0 -0.683147 0.73028
109.1 8.44756 -7.26186 0 -0 -0 -0.680917 0.732361
109.2 8.47556 -7.57564 0 -0 -0 -0.662707 0.748879
109.3 8.5158 -7.89444 0 -0 -0 -0.664985 0.746856
109.4 8.52978 -8.01146 0 -0 -0 -0.671459 0.741042
109.5 8.55414 -8.33232 0 -0 -0 -0.668548 0.743669
109.6 8.591 -8.65188 0 -0 -0 -0.653094 0.757277
109.7 8.54538 -8.39386 0 -0 -0 -0.666518 0.745489
109.8 8.57785 -8.7687 0 -0 -0 -0.685458 0.728112
109.9 8.58741 -8.94329 0 -0 -0 -0.700005 0.714138
110 8.27219 -9.10868 0 -0 -0 -0.958001 0.286765
110.1 8.34937 -9.05775 0 -0 -0 -0.956864 0.290537
110.2 8.05963 -9.24529 0 -0 -0 -0.960603 0.277924
110.3 7.73779 -9.44925 0 -0 -0 -0.95852 0.285026
110.4 7.72802 -9.29998 0 0 0 0.459396 0.888232
110.5 7.84357 -9.13888 0 0 0 0.44646 0.894804
110.6 8.03615 -8.8863 0 0 0 0.455245 0.890366
110.7 8.24313 -8.60162 0 0 0 0.481389 0.876507
110.8 8.32273 -8.47669 0 0 0 0.484563 0.874756
110.9 8.36115 -8.1772 0 0 0 0.751316 0.659943
111 8.331 -7.93484 0 0 0 0.755363 0.655307
111.1 8.28636 -7.58615 0 0 0 0.760207 0.64968
111.2 8.23233 -7.23686 0 0 0 0.772211 0.635366
111.3 8.19671 -7.07394 0 0 0 0.779431 0.626488
111.4 8.02522 -7.0962 0 0 0 0.999065 0.0432336
111.5 7.64977 -7.05778 0 0 0 0.999078 0.0429373
111.6 7.26919 -7.02689 0 0 0 0.99984 0.0178837
111.7 6.97648 -7.01844 0 -0 -0 -0.999992 0.00394166
111.8 6.62971 -7.02157 0 -0 -0 -0.999846 0.0175483
111.9 6.30965 -7.02819 0 -0 -0 -0.999472 0.0324867
112 5.96739 -7.05291 0 -0 -0 -0.997904 0.0647119
112.1 5.61663 -7.10613 0 -0 -0 -0.996306 0.0858691
112.2 5.30115 -7.16207 0 -0 -0 -0.994234 0.107231
112.3 4.96976 -7.23492 0 -0 -0 -0.991981 0.126385
112.4 4.62447 -7.29549 0 -0 -0 -0.997805 0.0662277
112.5 4.28138 -7.31358 0 -0 -0 -0.998881 0.0473021
112.6 3.95983 -7.33526 0 -0 -0 -0.998417 0.0562416
112.7 3.61044 -7.3738 0 -0 -0 -0.997512 0.0705023
112.8 3.27191 -7.42819 0 -0 -0 -0.994578 0.103991
112.9 2.94675 -7.48811 0 -0 -0 -0.993482 0.113985
113 2.62444 -7.56754 0 -0 -0 -0.992135 0.125171
113.1 2.26143 -7.6684 0 -0 -0 -0.989262 0.146153
113.2 2.16515 -7.69048 0 -0 -0 -0.988131 0.153614
113.3 2.26649 -7.86683 0 -0 -0 -0.661017 0.750371
113.4 2.31717 -8.27335 0 -0 -0 -0.668484 0.743727
113.5 2.2852 -8.61662 0 -0 -0 -0.732881 0.680357
113.6 2.26882 -8.93605 0 -0 -0 -0.729226 0.684273
113.7 2.26915 -9.03048 0 -0 -0 -0.722204 0.69168
113.8 2.26171 -9.37795 0 -0 -0 -0.72063 0.69332
113.9 2.26858 -9.24544 0 0 0 0.681024 0.732261
114 2.30995 -8.82195 0 0 0 0.675917 0.736977
114.1 2.33238 -8.45652 0 0 0 0.679701 0.73349
114.2 2.38859 -8.06809 0 0 0 0.673103 0.739549
114.3 2.41753 -7.73705 0 0 0 0.668821 0.743424
114.4 2.44114 -7.42081 0 0 0 0.674612 0.738172
114.5 2.10312 -7.46262 0 -0 -0 -0.999883 0.0152953
114.6 1.72673 -7.43947 0 0 0 0.999194 0.0401403
114.7 1.37854 -7.39788 0 0 0 0.998508 0.0545982
114.8 1.05791 -7.36177 0 0 0 0.999779 0.0210041
114.9 0.713607 -7.39801 0 -0 -0 -0.999601 0.0282547
115 0.385036 -7.38853 0 -0 -0 -0.999811 0.0194392
115.1 0.232991 -7.3871 0 -0 -0 -0.999897 0.0143565
115.2 -0.109622 -7.39386 0 -0 -0 -0.999805 0.019749
115.3 -0.456291 -7.41131 0 -0 -0 -0.999441 0.0334228
115.4 -0.77649 -7.4301 0 -0 -0 -0.99948 0.0322524
115.5 -0.893938 -7.43385 0 -0 -0 -0.999622 0.0274938
115.6 -1.27793 -7.44036 0 -0 -0 -0.999909 0.0134746
115.7 -1.6057 -7.44052 0 -0 -0 -0.999872 0.0159737
115.8 -1.98424 -7.44648 0 -0 -0 -0.999989 0.00469845
115.9 -2.33283 -7.41731 0 0 0 0.999925 0.0122281
116 -2.5621 -7.41245 0 0 0 0.999943 0.0107073
116.1 -2.88094 -7.4103 0 -0 -0 -0.999999 0.00133121
116.2 -3.27991 -7.40511 0 0 0 0.999801 0.0199256
116.3 -2.9044 -7.35973 0 0 0 0.0072787 0.999974
116.4 -2.83727 -7.36008 0 0 0 0.00314048 0.999995
116.5 -2.47409 -7.36613 0 0 0 0.00109933 0.999999
116.6 -2.40815 -7.36789 0 0 0 0.00133954 0.999999
116.7 -1.9967 -7.3675 0 0 0 0.0159682 0.999872
116.8 -1.67573 -7.36476 0 0 0 0.00215322 0.999998
116.9 -1.56007 -7.367 0 -0 -0 -0.00244524 0.999997
117 -1.67037 -7.36119 0 0 0 0.00360672 0.999993
117.1 -1.30054 -7.35797 0 -0 -0 -0.00748293 0.999972
117.2 -0.986641 -7.35781 0 -0 -0 -0.00178677 0.999998
117.3 -0.645775 -7.35762 0 0 0 0.0025126 0.999997
117.4 -0.324618 -7.36302 0 -0 -0 -0.0186408 0.999826
117.5 0.132837 -7.39537 0 -0 -0 -0.018525 0.999828
117.6 0.235236 -7.39985 0 -0 -0 -0.0143811 0.999897
117.7 0.148594 -6.80996 0 0 0 0.7572 0.653183
117.8 0.191761 -7.10457 0 0 0 0.746142 0.665787
117.9 0.167107 -6.55421 0 0 0 0.724993 0.688756
118 0.16256 -6.4497 0 0 0 0.716072 0.698026
118.1 0.152738 -6.09824 0 0 0 0.712219 0.701958
118.2 0.144111 -5.77296 0 0 0 0.722209 0.691675
118.3 0.127995 -5.39996 0 0 0 0.728435 0.685115
118.4 0.119191 -5.27141 0 0 0 0.722245 0.691637
118.5 0.117329 -4.93997 0 0 0 0.706709 0.707504
118.6 0.121496 -4.9087 0 0 0 0.710332 0.703867
118.7 0.114099 -4.51628 0 0 0 0.715819 0.698286
118.8 0.112019 -4.42471 0 0 0 0.719678 0.694308
118.9 0.0956439 -4.08107 0 0 0 0.7238 0.69001
119 0.0767685 -3.76129 0 0 0 0.705301 0.708908
119.1 0.0832376 -3.43318 0 0 0 0.702219 0.711961
119.2 0.0950636 -3.33057 0 0 0 0.700072 0.714072
119.3 0.0807669 -2.96717 0 0 0 0.70753 0.706684
119.4 0.076992 -2.73501 0 0 0 0.70021 0.713937
119.5 0.110656 -2.40409 0 0 0 0.684068 0.729418
119.6 0.129365 -2.08121 0 0 0 0.682308 0.731065
119.7 0.140061 -1.72068 0 0 0 0.686624 0.727013
119.8 0.139324 -1.64997 0 0 0 0.684718 0.728808
119.9 -0.212975 -1.66688 0 -0 -0 -0.999519 0.0310097
120 -0.541159 -1.69712 0 -0 -0 -0.99983 0.018448
120.1 -0.886996 -1.6986 0 -0 -0 -0.999607 0.0280313
120.2 -1.23491 -1.71023 0 -0 -0 -0.999895 0.0145084
120.3 -1.58359 -1.7086 0 0 0 0.999992 0.00387355
120.4 -1.98209 -1.69542 0 -0 -0 -0.99972 0.0236488
120.5 -2.23814 -1.70676 0 -0 -0 -0.99864 0.052134
120.6 -2.58585 -1.73655 0 -0 -0 -0.999131 0.0416915
120.7 -2.64113 -1.73614 0 -0 -0 -0.999301 0.0373854
120.8 -2.93576 -1.74551 0 -0 -0 -0.999167 0.0408186
120.9 -3.15791 -1.75956 0 -0 -0 -0.998193 0.0600844
121 -2.79466 -1.73559 0 -0 -0 -0.0315596 0.999502
121.1 -2.40815 -1.76637 0 -0 -0 -0.032973 0.999456
121.2 -2.13866 -1.78968 0 -0 -0 -0.0623051 0.998057
121.3 -1.77386 -1.83392 0 -0 -0 -0.0609489 0.998141
121.4 -1.45044 -1.67648 0 0 0 0.159144 0.987255
121.5 -1.13469 -1.57663 0 0 0 0.137441 0.99051
121.6 -0.789727 -1.48805 0 0 0 0.104315 0.994544
121.7 -0.599499 -1.46632 0 0 0 0.0835488 0.996504
121.8 -0.278084 -1.43882 0 0 0 0.0232092 0.999731
121.9 0.0310543 -1.47557 0 -0 -0 -0.0880505 0.996116
122 0.407171 -1.55508 0 -0 -0 -0.117807 0.993037
122.1 0.719169 -1.64217 0 -0 -0 -0.132792 0.991144
122.2 0.684136 -1.91782 0 -0 -0 -0.806106 0.591771
122.3 0.585451 -2.18149 0 -0 -0 -0.806275 0.591542
122.4 0.453736 -2.53876 0 -0 -0 -0.823777 0.566914
122.5 0.400021 -2.67591 0 -0 -0 -0.827969 0.560773
122.6 0.260067 -2.99564 0 -0 -0 -0.83696 0.547264
122.7 0.122714 -3.29253 0 -0 -0 -0.829957 0.557828
122.8 -0.00687648 -3.62683 0 -0 -0 -0.805576 0.592492
122.9 -0.0326787 -3.94524 0 -0 -0 -0.729931 0.683521
123 -0.0574945 -4.2908 0 -0 -0 -0.708129 0.706083
123.1 -0.0148547 -4.62049 0 -0 -0 -0.631144 0.775666
123.2 0.108945 -4.95584 0 -0 -0 -0.583048 0.812437
123.3 0.296314 -4.98832 0 -0 -0 -0.223124 0.97479
123.4 0.614342 -5.14415 0 -0 -0 -0.243234 0.969968
123.5 0.994555 -5.35889 0 -0 -0 -0.232896 0.972502
123.6 1.0383 -5.3833 0 -0 -0 -0.23094 0.972968
123.7 1.31953 -5.53012 0 -0 -0 -0.242486 0.970155
123.8 1.61304 -5.69138 0 -0 -0 -0.265609 0.964081
123.9 1.90788 -5.85215 0 -0 -0 -0.252042 0.967716
124 2.1838 -6.0195 0 -0 -0 -0.278721 0.960372
124.1 2.46609 -6.2145 0 -0 -0 -0.298163 0.954515
124.2 2.58006 -6.30375 0 -0 -0 -0.289877 0.957064
124.3 2.91524 -6.53714 0 -0 -0 -0.286252 0.958154
124.4 3.00669 -6.58136 0 -0 -0 -0.284469 0.958685
124.5 3.29745 -6.76339 0 -0 -0 -0.283201 0.95906
124.6 3.58654 -6.83732 0 0 0 0.0787324 0.996896
124.7 3.51359 -6.84581 0 0 0 0.0741692 0.997246
124.8 3.87281 -6.79362 0 0 0 0.0686431 0.997641
124.9 4.1943 -6.74713 0 0 0 0.0871399 0.996196
125 4.50108 -6.66224 0 0 0 0.106084 0.994357
125.1 4.86107 -6.58127 0 0 0 0.111499 0.993765
125.2 4.91188 -6.56582 0 0 0 0.112569 0.993644
125.3 5.31391 -6.49162 0 0 0 0.098456 0.995141
125.4 5.02513 -6.56235 0 0 0 0.109277 0.994011
125.5 5.39868 -6.48808 0 0 0 0.099405 0.995047
125.6 5.50523 -6.46638 0 0 0 0.100466 0.99494
125.7 5.82018 -6.40329 0 0 0 0.111988 0.99371
125.8 6.13726 -6.33926 0 0 0 0.117683 0.993051
125.9 6.43422 -6.26995 0 0 0 0.101421 0.994844
126 6.74021 -6.32764 0 -0 -0 -0.0755957 0.997139
126.1 7.16193 -6.37937 0 -0 -0 -0.0493617 0.998781
126.2 7.26071 -6.38419 0 -0 -0 -0.0446013 0.999005
126.3 7.58661 -6.41091 0 -0 -0 -0.0391243 0.999234
126.4 7.94246 -6.43467 0 -0 -0 -0.0325365 0.999471
126.5 8.31748 -6.45598 0 -0 -0 -0.0351742 0.999381
126.6 8.6673 -6.47902 0 -0 -0 -0.0439823 0.999032
126.7 8.84478 -6.4885 0 -0 -0 -0.0505108 0.998724
126.8 9.16281 -6.52808 0 -0 -0 -0.0615243 0.998106
126.9 9.49668 -6.4612 0 0 0 0.187473 0.98227
127 9.79135 -6.35741 0 0 0 0.162756 0.986666
127.1 10.132 -6.30029 0 0 0 0.0771514 0.997019
127.2 10.4919 -6.26252 0 0 0 0.0359549 0.999353
127.3 10.8263 -6.23971 0 0 0 0.0358573 0.999357
127.4 11.1748 -6.22065 0 0 0 0.0209156 0.999781
127.5 11.6504 -6.19786 0 0 0 0.00518311 0.999987
127.6 11.3051 -6.20555 0 0 0 0.0162682 0.999868
127.7 11.6842 -6.1956 0 -0 -0 -0.00201756 0.999998
127.8 12.0351 -6.20042 0 0 0 0.00557375 0.999984
127.9 12.3567 -6.19691 0 -0 -0 -0.00788665 0.999969
128 12.6956 -6.20447 0 -0 -0 -0.0206865 0.999786
128.1 13.014 -6.21641 0 -0 -0 -0.0309791 0.99952
128.2 13.3594 -6.24168 0 -0 -0 -0.039221 0.999231
128.3 13.7219 -6.27125 0 -0 -0 -0.0635209 0.997981
128.4 13.8146 -6.27944 0 -0 -0 -0.0609536 0.998141
128.5 14.11 -6.31325 0 -0 -0 -0.0678155 0.997698
128.6 14.5989 -6.09788 0 0 0 0.206288 0.978491
128.7 14.3597 -6.19782 0 0 0 0.204824 0.978799
128.8 14.6931 -6.04873 0 0 0 0.204879 0.978787
128.9 14.7556 -6.02136 0 0 0 0.207011 0.978339
129 15.0657 -5.87432 0 0 0 0.20078 0.979636
129.1 15.3777 -5.73801 0 0 0 0.194441 0.980914
129.2 15.7434 -5.59736 0 0 0 0.189044 0.981969
129.3 16.051 -5.47253 0 0 0 0.191605 0.981472
129.4 16.3591 -5.34445 0 0 0 0.193102 0.981179
129.5 16.6672 -5.22627 0 0 0 0.179056 0.983839
129.6 16.737 -5.18997 0 0 0 0.172692 0.984976
129.7 17.0444 -5.0914 0 0 0 0.141634 0.989919
129.8 17.379 -5.0058 0 0 0 0.127838 0.991795
129.9 17.6893 -4.93254 0 0 0 0.113864 0.993496
130 18.0093 -4.8637 0 0 0 0.094056 0.995567
130.1 18.3626 -4.80323 0 0 0 0.0781918 0.996938
130.2 18.6813 -4.75175 0 0 0 0.0644816 0.997919
130.3 19.0291 -4.70939 0 0 0 0.0642785 0.997932
130.4 19.0573 -4.44111 0 0 0 0.772611 0.634879
130.5 19.0027 -4.13266 0 0 0 0.778129 0.628105
130.6 18.9829 -4.01163 0 0 0 0.774577 0.63248
130.7 18.9498 -3.62961 0 0 0 0.715274 0.698845
130.8 18.9508 -3.28147 0 0 0 0.716233 0.697862
130.9 18.9418 -2.96257 0 0 0 0.73076 0.682635
131 18.9322 -2.6207 0 0 0 0.715885 0.698218
131.1 18.9411 -2.2439 0 0 0 0.700662 0.713493
131.2 18.9461 -2.11963 0 0 0 0.69418 0.719801
131.3 18.9717 -1.71038 0 0 0 0.685048 0.728498
131.4 18.9884 -1.46101 0 0 0 0.682922 0.730491
131.5 18.9748 -1.72934 0 0 0 0.685278 0.728281
131.6 19.0144 -1.20258 0 0 0 0.677337 0.735672
131.7 19.0494 -0.831755 0 0 0 0.67899 0.734148
131.8 19.0436 -0.499332 0 0 0 0.716502 0.697585
131.9 19.042 -0.144959 0 0 0 0.714672 0.69946
132 19.0729 0.212431 0 0 0 0.697016 0.717056
132.1 19.0876 0.537087 0 0 0 0.691416 0.722456
132.2 19.1082 0.862474 0 0 0 0.670327 0.742066
132.3 19.1257 1.01826 0 0 0 0.655078 0.755561
132.4 19.0986 1.03641 0 0 0 0.806365 0.591418
132.5 19.0269 1.30826 0 0 0 0.811777 0.583968
132.6 18.9109 1.68356 0 0 0 0.809036 0.587759
132.7 18.8028 2.05298 0 0 0 0.797881 0.602816
132.8 18.7547 2.24959 0 0 0 0.776867 0.629665
132.9 18.7431 2.56125 0 0 0 0.759805 0.650151
133 18.6934 3.02626 0 0 0 0.712009 0.70217
133.1 18.7385 2.66231 0 0 0 0.760067 0.649845
133.2 18.696 2.9584 0 0 0 0.729868 0.683588
133.3 18.7319 3.29121 0 0 0 0.672744 0.739875
133.4 18.7784 3.60781 0 0 0 0.651017 0.759063
133.5 18.8746 4.12116 0 0 0 0.65156 0.758597
133.6 18.8153 3.71636 0 0 0 0.650171 0.759788
133.7 18.8717 4.03462 0 0 0 0.646324 0.763063
133.8 18.8887 4.37607 0 0 0 0.743358 0.668894
133.9 18.9038 4.28251 0 0 0 0.711416 0.702771
134 18.8897 4.60284 0 0 0 0.741906 0.670503
134.1 18.8536 4.91986 0 0 0 0.766092 0.642731
134.2 18.809 5.23239 0 0 0 0.751414 0.659831
134.3 18.8004 5.31994 0 0 0 0.760824 0.648958
134.4 18.7548 5.68912 0 0 0 0.73745 0.675402
134.5 18.7454 6.04587 0 0 0 0.709871 0.704331
134.6 18.7562 6.37399 0 0 0 0.699837 0.714303
134.7 18.766 6.72395 0 0 0 0.701734 0.712439
134.8 18.7815 7.0423 0 0 0 0.685951 0.727648
134.9 18.8199 7.4483 0 0 0 0.665212 0.746654
135 18.8486 7.6764 0 0 0 0.658312 0.752745
135.1 18.9043 8.04123 0 0 0 0.652942 0.757408
135.2 18.971 8.41236 0 0 0 0.633057 0.774105
135.3 19.0323 8.88578 0 0 0 0.670163 0.742214
135.4 19.0258 8.75624 0 0 0 0.653879 0.756599
135.5 19.0694 9.1104 0 0 0 0.659066 0.752085
135.6 19.1299 9.47879 0 0 0 0.651349 0.758778
135.7 19.1808 9.81041 0 0 0 0.659326 0.751857
135.8 19.1857 10.1634 0 0 0 0.689475 0.72431
135.9 19.2394 10.4873 0 0 0 0.671546 0.740962
136 19.2067 10.8215 0 0 0 0.731549 0.681789
136.1 19.2001 10.9409 0 0 0 0.739372 0.673297
136.2 19.1936 11.0467 0 0 0 0.744863 0.667218
136.3 19.1607 11.3969 0 0 0 0.733495 0.679695
136.4 19.137 11.7127 0 0 0 0.715983 0.698117
136.5 19.1429 12.0547 0 0 0 0.711712 0.702472
136.6 19.1164 12.399 0 0 0 0.713591 0.700562
136.7 19.0226 12.5412 0 -0 -0 -0.994541 0.104347
136.8 18.6685 12.4689 0 -0 -0 -0.995033 0.0995464
136.9 18.264 12.418 0 -0 -0 -0.99337 0.114965
137 18.1603 12.4051 0 -0 -0 -0.993161 0.116753
137.1 17.7827 12.4082 0 0 0 0.999992 0.00403015
137.2 17.5473 12.4111 0 0 0 0.999622 0.0274797
137.3 17.162 12.4396 0 0 0 0.999327 0.0366892
137.4 16.8553 12.4594 0 0 0 0.999976 0.00691108
137.5 16.5158 12.4653 0 0 0 0.999966 0.00819249
137.6 16.3094 12.4708 0 0 0 0.999983 0.00585669
137.7 16.0072 12.4778 0 -0 -0 -0.999979 0.00652206
137.8 15.628 12.4849 0 0 0 0.999986 0.00520045
137.9 15.2886 12.5182 0 0 0 0.999899 0.0142266
138 14.9897 12.5266 0 0 0 0.999993 0.00378895
138.1 14.6916 12.5318 0 -0 -0 -0.999945 0.0105187
138.2 14.2574 12.5317 0 -0 -0 -0.999997 0.0025403
138.3 14.1203 12.5335 0 0 0 1 0.000107983
138.4 13.8043 12.5342 0 -0 -0 -0.999989 0.00467668
138.5 13.4725 12.5229 0 -0 -0 -0.999798 0.0200971
138.6 12.8397 12.5203 0 -0 -0 -0.999723 0.0235566
138.7 13.2367 12.5295 0 -0 -0 -0.999774 0.0212426
138.8 12.7193 12.5116 0 -0 -0 -0.999695 0.0247064
138.9 13.1818 12.5345 0 -0 -0 -0.999764 0.021711
139 12.5429 12.5082 0 -0 -0 -0.999407 0.0344221
139.1 12.6397 12.5123 0 -0 -0 -0.999611 0.0278732
139.2 12.3084 12.4854 0 -0 -0 -0.998907 0.046737
139.3 11.9246 12.4527 0 -0 -0 -0.999175 0.0406202
139.4 11.683 12.4404 0 -0 -0 -0.999287 0.0377499
139.5 11.3025 12.4109 0 -0 -0 -0.99884 0.0481464
139.6 10.9683 12.3808 0 -0 -0 -0.997701 0.0677729
139.7 10.6388 12.3405 0 -0 -0 -0.997186 0.0749685
139.8 10.5465 12.3309 0 -0 -0 -0.997402 0.0720418
139.9 10.2555 12.2841 0 -0 -0 -0.996404 0.0847279
140 9.91942 12.2213 0 -0 -0 -0.994353 0.106126
140.1 9.58316 12.1565 0 -0 -0 -0.994402 0.105666
140.2 9.49885 12.1397 0 -0 -0 -0.994978 0.100092
140.3 9.171 12.1088 0 -0 -0 -0.995834 0.0911844
140.4 8.83138 12.0496 0 -0 -0 -0.996402 0.0847517
140.5 8.51251 11.998 0 -0 -0 -0.995524 0.0945142
140.6 8.17574 11.9345 0 -0 -0 -0.994657 0.103232
140.7 7.83341 11.8803 0 -0 -0 -0.995286 0.0969827
140.8 7.51166 11.8269 0 -0 -0 -0.996007 0.0892731
140.9 7.18854 11.7804 0 -0 -0 -0.995632 0.0933649
141 6.84626 11.7227 0 -0 -0 -0.994042 0.108994
141.1 6.53149 11.6656 0 -0 -0 -0.995099 0.0988798
141.2 6.19412 11.6049 0 -0 -0 -0.996054 0.088753
141.3 5.84821 11.5365 0 -0 -0 -0.99512 0.0986729
141.4 5.52864 11.4733 0 -0 -0 -0.994566 0.104111
141.5 5.18149 11.4074 0 -0 -0 -0.995621 0.0934782
141.6 4.80534 11.3463 0 -0 -0 -0.995797 0.091585
141.7 4.66139 11.3284 0 -0 -0 -0.994896 0.100903
141.8 3.96103 11.2024 0 -0 -0 -0.991932 0.126774
141.9 4.3618 11.3031 0 -0 -0 -0.993399 0.114713
142 3.93742 11.199 0 -0 -0 -0.992069 0.125694
142.1 3.82725 11.1693 0 -0 -0 -0.992151 0.125045
142.2 3.60594 11.113 0 -0 -0 -0.992979 0.118292
142.3 3.289 11.0708 0 -0 -0 -0.994696 0.102862
142.4 2.9479 10.9992 0 -0 -0 -0.994528 0.10447
142.5 2.72051 10.7424 0 -0 -0 -0.860449 0.509536
142.6 2.55964 10.4387 0 -0 -0 -0.856388 0.516332
142.7 2.39161 10.1425 0 -0 -0 -0.859663 0.510862
142.8 2.1597 9.89896 0 -0 -0 -0.924439 0.38133
142.9 1.91468 9.64837 0 -0 -0 -0.916752 0.399458
143 1.69518 9.40466 0 -0 -0 -0.90706 0.421001
143.1 1.58376 9.27407 0 -0 -0 -0.909288 0.416168
143.2 1.31429 9.06817 0 -0 -0 -0.940224 0.340555
143.3 1.06405 8.8643 0 -0 -0 -0.937686 0.347484
143.4 0.804701 8.63681 0 -0 -0 -0.929055 0.369941
143.5 0.552609 8.39824 0 -0 -0 -0.922781 0.385325
143.6 0.271405 8.11155 0 -0 -0 -0.912197 0.409752
143.7 0.0827548 7.89764 0 -0 -0 -0.905291 0.424793
143.8 0.160609 7.99114 0 -0 -0 -0.907328 0.420422
143.9 -0.0752742 7.70789 0 -0 -0 -0.895944 0.444167
144 -0.276719 7.44127 0 -0 -0 -0.882888 0.469584
144.1 -0.467948 7.13001 0 -0 -0 -0.87278 0.488115
144.2 -0.445528 6.82637 0 -0 -0 -0.70169 0.712483
144.3 -0.412631 6.26505 0 -0 -0 -0.669524 0.74279
144.4 -0.432838 6.53417 0 -0 -0 -0.686317 0.727302
144.5 -0.393125 5.9377 0 -0 -0 -0.688059 0.725655
144.6 -0.420998 6.3264 0 -0 -0 -0.676003 0.736899
144.7 -0.372836 5.76212 0 -0 -0 -0.691157 0.722705
144.8 -0.358102 5.65418 0 -0 -0 -0.691388 0.722484
144.9 -0.348198 5.30921 0 -0 -0 -0.694822 0.719181
145 -0.325554 5.00988 0 -0 -0 -0.668133 0.744042
145.1 -0.281343 4.69436 0 -0 -0 -0.643293 0.76562
145.2 -0.225093 4.35395 0 -0 -0 -0.660652 0.750692
145.3 -0.264283 4.02612 0 -0 -0 -0.70327 0.710923
145.4 -0.226223 3.68409 0 -0 -0 -0.68235 0.731026
145.5 -0.222075 3.6522 0 -0 -0 -0.674576 0.738206
145.6 -0.190778 3.3309 0 -0 -0 -0.669383 0.742917
145.7 -0.155783 2.9598 0 -0 -0 -0.676514 0.73643
145.8 -0.146825 2.86811 0 -0 -0 -0.67872 0.734397
145.9 -0.116368 2.52335 0 -0 -0 -0.66863 0.743595
146 -0.0697285 2.15187 0 -0 -0 -0.652192 0.758054
146.1 -0.0805373 2.00462 0 -0 -0 -0.688962 0.724798
146.2 -0.064095 1.65047 0 -0 -0 -0.692419 0.721495
146.3 -0.0418159 1.27781 0 -0 -0 -0.669275 0.743015
146.4 0.000842274 0.927803 0 -0 -0 -0.65943 0.751766
146.5 0.0359364 0.610914 0 -0 -0 -0.678952 0.734183
146.6 0.0291245 0.699549 0 -0 -0 -0.669811 0.742532
146.7 0.0545392 0.40479 0 -0 -0 -0.673337 0.739336
146.8 0.0932645 0.0637588 0 -0 -0 -0.655622 0.755089
146.9 0.121159 -0.258009 0 -0 -0 -0.679739 0.733454
147 0.134116 -0.413374 0 -0 -0 -0.686034 0.727569
147.1 0.192017 -0.740572 0 -0 -0 -0.663047 0.748578
147.2 0.241622 -1.09512 0 -0 -0 -0.644749 0.764394
147.3 0.275993 -1.26944 0 -0 -0 -0.634232 0.773143
147.4 0.333654 -1.55825 0 -0 -0 -0.636907 0.770941
147.5 0.472198 -1.76843 0 0 0 0.0242936 0.999705
147.6 0.937836 -1.7452 0 0 0 0.0326443 0.999467
147.7 0.993694 -1.73981 0 0 0 0.0309845 0.99952
147.8 1.35471 -1.72861 0 0 0 0.0134724 0.999909
147.9 1.7726 -1.71773 0 -0 -0 -0.0043511 0.999991
148 2.09436 -1.72491 0 -0 -0 -0.0195911 0.999808
148.1 2.39625 -1.7391 0 -0 -0 -0.00557114 0.999984
148.2 2.74492 -1.7459 0 -0 -0 -0.0177538 0.999842
148.3 2.81841 -1.7483 0 -0 -0 -0.0107009 0.999943
148.4 3.15737 -1.76127 0 -0 -0 -0.0220945 0.999756
148.5 3.53875 -1.78363 0 -0 -0 -0.0347682 0.999395
148.6 3.66974 -1.93951 0 -0 -0 -0.755073 0.655641
148.7 3.63839 -2.28365 0 -0 -0 -0.710441 0.703757
148.8 3.66797 -2.40215 0 -0 -0 -0.682742 0.730659
148.9 3.68552 -2.74809 0 -0 -0 -0.694143 0.719837
149 3.68729 -3.1003 0 -0 -0 -0.71403 0.700115
149.1 3.68165 -3.45149 0 -0 -0 -0.716081 0.698017
149.2 3.71495 -3.32663 0 0 0 0.717101 0.69697
149.3 3.71345 -3.17334 0 0 0 0.707094 0.707119
149.4 3.68656 -2.8229 0 0 0 0.724896 0.688858
149.5 3.67389 -2.48107 0 0 0 0.723407 0.690422
149.6 3.66883 -2.30094 0 0 0 0.723484 0.690341
149.7 3.64759 -1.95066 0 0 0 0.742906 0.669396
149.8 3.61125 -1.60366 0 0 0 0.74912 0.662434
149.9 3.5821 -1.25151 0 0 0 0.713253 0.700907
150 3.57486 -0.927893 0 0 0 0.724581 0.68919
150.1 3.55515 -0.548436 0 0 0 0.736051 0.676926
150.2 3.53354 -0.164128 0 0 0 0.723292 0.690542
150.3 3.77967 -0.0942797 0 0 0 0.000905448 1
150.4 4.13157 -0.11963 0 -0 -0 -0.0293981 0.999568
150.5 4.45827 -0.144356 0 -0 -0 -0.0303894 0.999538
150.6 4.78846 -0.172651 0 -0 -0 -0.022113 0.999755
150.7 4.8582 -0.176079 0 -0 -0 -0.0246488 0.999696
150.8 5.20819 -0.198556 0 -0 -0 -0.0534493 0.998571
150.9 5.20836 -0.521759 0 -0 -0 -0.695769 0.718265
151 5.22469 -0.843235 0 -0 -0 -0.667085 0.744981
151.1 5.27235 -1.22587 0 -0 -0 -0.660384 0.750928
151.2 5.27831 -1.28238 0 -0 -0 -0.663483 0.748191
151.3 5.31501 -1.61274 0 -0 -0 -0.673896 0.738826
151.4 5.44352 -1.79776 0 -0 -0 -0.42364 0.90583
151.5 5.67898 -2.07389 0 -0 -0 -0.423045 0.906108
151.6 5.88443 -2.32468 0 -0 -0 -0.425337 0.905035
151.7 5.95582 -2.64968 0 -0 -0 -0.669452 0.742855
151.8 5.96628 -2.72522 0 -0 -0 -0.66215 0.749371
151.9 6.00482 -3.01865 0 -0 -0 -0.665004 0.74684
152 6.03707 -3.33711 0 -0 -0 -0.674253 0.738501
152.1 6.04832 -3.47911 0 -0 -0 -0.672465 0.740129
152.2 6.1394 -3.6092 0 -0 -0 -0.161707 0.986839
152.3 6.45144 -3.65532 0 -0 -0 -0.078928 0.99688
152.4 6.77995 -3.71348 0 -0 -0 -0.104858 0.994487
152.5 7.10191 -3.78459 0 -0 -0 -0.0820294 0.99663
152.6 7.39828 -3.94357 0 -0 -0 -0.345874 0.938281
152.7 7.62676 -4.17094 0 -0 -0 -0.343046 0.939319
152.8 7.60206 -4.19315 0 0 0 0.96972 0.244218
152.9 7.24662 -4.07231 0 0 0 0.974637 0.22379
153 7.05095 -3.94589 0 0 0 0.974793 0.223109
153.1 6.75979 -3.79692 0 0 0 0.97109 0.238715
153.2 6.42649 -3.61891 0 0 0 0.975067 0.221912
153.3 6.0608 -3.43174 0 0 0 0.96851 0.248975
153.4 6.02936 -3.30468 0 0 0 0.786592 0.617474
153.5 5.9416 -2.94513 0 0 0 0.782669 0.622438
153.6 5.87042 -2.59369 0 0 0 0.77249 0.635026
153.7 5.80835 -2.27434 0 0 0 0.775571 0.631261
153.8 5.79278 -2.19301 0 0 0 0.772397 0.63514
153.9 5.74177 -1.87387 0 0 0 0.762959 0.646447
154 5.89755 -1.66939 0 -0 -0 -0.0271353 0.999632
154.1 6.24483 -1.68475 0 -0 -0 -0.0350081 0.999387
154.2 6.57734 -1.71301 0 -0 -0 -0.0582254 0.998303
154.3 6.86914 -1.75336 0 -0 -0 -0.0647407 0.997902
154.4 7.31591 -1.85872 0 -0 -0 -0.110548 0.993871
154.5 7.21549 -1.8389 0 -0 -0 -0.10128 0.994858
154.6 7.44177 -1.69461 0 0 0 0.196716 0.980461
154.7 7.86231 -1.73878 0 -0 -0 -0.0258896 0.999665
154.8 8.19942 -1.7554 0 -0 -0 -0.0245986 0.999697
154.9 8.55457 -1.78004 0 -0 -0 -0.0300979 0.999547
155 8.9321 -1.80637 0 -0 -0 -0.0421845 0.99911
155.1 9.20629 -1.83351 0 -0 -0 -0.0525168 0.99862
155.2 9.38703 -1.85023 0 -0 -0 -0.0504751 0.998725
155.3 9.7143 -1.88598 0 -0 -0 -0.0562998 0.998414
155.4 9.99757 -1.81434 0 0 0 0.0974922 0.995236
155.5 10.3494 -1.74995 0 0 0 0.0781475 0.996942
155.6 10.6735 -1.75685 0 0 0 0.0200714 0.999799
155.7 10.9958 -1.75037 0 0 0 0.00934891 0.999956
155.8 11.3583 -1.74697 0 -0 -0 -0.00397516 0.999992
155.9 11.7873 -1.79832 0 -0 -0 -0.112365 0.993667
156 12.1735 -1.86012 0 -0 -0 -0.0668748 0.997761
156.1 12.5494 -1.89208 0 0 0 0.0199823 0.9998
156.2 12.8788 -1.77955 0 0 0 0.0805408 0.996751
156.3 13.2316 -1.71717 0 0 0 0.0823862 0.9966
156.4 13.564 -1.71169 0 0 0 0.0462126 0.998932
156.5 13.9738 -1.67768 0 0 0 0.0437651 0.999042
156.6 13.9189 -1.68007 0 0 0 0.0448754 0.998993
156.7 14.0143 -1.66962 0 0 0 0.0490335 0.998797
156.8 14.4105 -1.6264 0 0 0 0.0600842 0.998193
156.9 14.7844 -1.58349 0 0 0 0.0667352 0.997771
157 15.1717 -1.53429 0 0 0 0.0660004 0.99782
157.1 15.4033 -1.68511 0 -0 -0 -0.521666 0.85315
157.2 15.5593 -1.98274 0 -0 -0 -0.523071 0.852289
157.3 15.6749 -2.29327 0 -0 -0 -0.767698 0.640811
157.4 15.6045 -2.63744 0 -0 -0 -0.774335 0.632775
157.5 15.5415 -3.00087 0 -0 -0 -0.738785 0.673941
157.6 15.5117 -3.37355 0 -0 -0 -0.728273 0.685287
157.7 15.4893 -3.69636 0 -0 -0 -0.741547 0.670901
157.8 15.4655 -4.01089 0 -0 -0 -0.736074 0.676901
157.9 15.4092 -3.61364 0 0 0 0.764936 0.644106
158 15.3593 -3.24481 0 0 0 0.759207 0.65085
158.1 15.3663 -2.85721 0 0 0 0.649368 0.760474
158.2 15.444 -2.63278 0 0 0 0.616526 0.787335
158.3 15.531 -2.28717 0 0 0 0.618993 0.785396
158.4 15.6174 -1.96997 0 0 0 0.606904 0.794775
158.5 15.7319 -1.60042 0 0 0 0.590129 0.807309
158.6 15.8351 -1.26707 0 0 0 0.588954 0.808166
158.7 16.0275 -1.20996 0 -0 -0 -0.0355916 0.999366
158.8 16.3196 -1.23767 0 -0 -0 -0.064391 0.997925
158.9 16.654 -1.29536 0 -0 -0 -0.0585553 0.998284
159 16.9005 -1.33138 0 -0 -0 -0.0539864 0.998542
159.1 17.2205 -1.36352 0 -0 -0 -0.0639455 0.997953
159.2 17.2062 -1.58429 0 -0 -0 -0.709677 0.704527
159.3 17.2093 -1.94037 0 -0 -0 -0.696204 0.717844
159.4 17.2321 -2.28245 0 -0 -0 -0.677546 0.73548
159.5 17.2611 -2.62032 0 -0 -0 -0.683311 0.730127
159.6 17.2703 -2.70883 0 -0 -0 -0.685502 0.728071
159.7 17.2874 -3.08895 0 -0 -0 -0.69086 0.722989
159.8 17.2909 -3.44455 0 -0 -0 -0.686344 0.727277
159.9 17.2787 -3.06882 0 -0 -0 -0.690084 0.723729
160 17.2784 -3.83273 0 -0 -0 -0.701417 0.712752
160.1 17.2951 -4.1896 0 -0 -0 -0.685567 0.728009
160.2 17.3328 -4.55804 0 -0 -0 -0.662777 0.748817
160.3 17.3694 -4.91104 0 -0 -0 -0.671311 0.741176
160.4 17.3963 -5.13788 0 -0 -0 -0.668785 0.743455
160.5 17.2619 -5.28725 0 -0 -0 -0.98637 0.164541
160.6 16.9484 -5.40361 0 -0 -0 -0.979795 0.200003
160.7 16.5991 -5.52568 0 -0 -0 -0.989244 0.146272
160.8 17.1182 -5.33663 0 -0 -0 -0.982558 0.185958
160.9 16.4093 -5.58148 0 -0 -0 -0.988193 0.153212
161 16.3092 -5.61263 0 -0 -0 -0.988657 0.150188
161.1 15.964 -5.71319 0 -0 -0 -0.988299 0.152526
161.2 15.6343 -5.83455 0 -0 -0 -0.982447 0.186542
161.3 15.2838 -5.97791 0 -0 -0 -0.976611 0.215012
161.4 14.9397 -6.10559 0 -0 -0 -0.987977 0.154601
161.5 14.6982 -6.17211 0 -0 -0 -0.992765 0.120071
161.6 14.4505 -6.2293 0 -0 -0 -0.994257 0.107017
161.7 14.2388 -6.2712 0 -0 -0 -0.995109 0.0987787
161.8 13.8874 -6.33565 0 -0 -0 -0.997485 0.0708804
161.9 13.501 -6.30538 0 -0 -0 -0.999962 0.00877447
162 13.1912 -6.30448 0 0 0 1 0.000362183
162.1 12.836 -6.3053 0 -0 -0 -0.99996 0.00894592
162.2 12.4784 -6.31767 0 -0 -0 -0.999534 0.0305292
162.3 12.1433 -6.33605 0 -0 -0 -0.999433 0.0336731
162.4 11.7259 -6.35744 0 -0 -0 -0.999385 0.0350527
162.5 11.5409 -6.37241 0 -0 -0 -0.998934 0.0461546
162.6 11.23 -6.40413 0 -0 -0 -0.997678 0.068101
162.7 10.8867 -6.44981 0 -0 -0 -0.997738 0.0672264
162.8 10.8833 -6.42148 0 0 0 0.0807871 0.996731
162.9 11.2566 -6.36873 0 0 0 0.0665038 0.997786
163 11.6009 -6.32496 0 0 0 0.0744562 0.997224
163.1 11.9553 -6.2689 0 0 0 0.0841826 0.99645
163.2 12.3111 -6.21279 0 0 0 0.0668178 0.997765
163.3 12.6644 -6.16958 0 0 0 0.0499216 0.998753
163.4 12.9022 -6.14361 0 0 0 0.0509291 0.998702
163.5 13.2299 -6.11631 0 0 0 0.0522004 0.998637
163.6 13.5892 -6.08813 0 0 0 0.0342415 0.999414
163.7 13.9162 -6.07007 0 0 0 0.0110919 0.999938
163.8 14.1553 -6.06719 0 -0 -0 -0.00334668 0.999994
163.9 14.4886 -6.07133 0 0 0 0.000947143 1
164 14.8206 -6.07459 0 -0 -0 -0.00912829 0.999958
164.1 15.1536 -6.0917 0 -0 -0 -0.0241699 0.999708
164.2 15.4677 -6.10315 0 -0 -0 -0.0229222 0.999737
164.3 15.8126 -6.12408 0 -0 -0 -0.0245458 0.999699
164.4 16.1364 -6.14392 0 -0 -0 -0.0470891 0.998891
164.5 16.2608 -6.14986 0 -0 -0 -0.0463619 0.998925
164.6 16.5847 -6.17535 0 -0 -0 -0.0443678 0.999015
164.7 16.9096 -6.19564 0 -0 -0 -0.031987 0.999488
164.8 17.051 -5.94383 0 0 0 0.675045 0.737777
164.9 17.0603 -5.82099 0 0 0 0.661761 0.749715
165 17.0982 -5.50672 0 0 0 0.671599 0.740915
165.1 17.1261 -5.10884 0 0 0 0.69165 0.722233
165.2 17.1344 -4.78354 0 0 0 0.702071 0.712107
165.3 17.1313 -4.43658 0 0 0 0.689818 0.723983
165.4 17.145 -4.08833 0 0 0 0.692634 0.721289
165.5 17.1443 -3.76346 0 0 0 0.714049 0.700096
165.6 17.1423 -3.4046 0 0 0 0.709649 0.704556
165.7 17.1491 -3.04342 0 0 0 0.696959 0.717111
165.8 17.1557 -2.67519 0 0 0 0.701878 0.712297
165.9 17.1694 -2.3357 0 0 0 0.696778 0.717287
166 17.1894 -1.98788 0 0 0 0.692625 0.721298
166.1 17.174 -1.60399 0 0 0 0.715429 0.698685
166.2 17.0255 -1.49075 0 -0 -0 -0.997468 0.0711171
166.3 16.5743 -1.52812 0 -0 -0 -0.998214 0.0597342
166.4 16.434 -1.51747 0 -0 -0 -0.999971 0.00759847
166.5 16.059 -1.55086 0 -0 -0 -0.999615 0.0277508
166.6 15.6815 -1.5682 0 -0 -0 -0.999375 0.0353574
166.7 15.3613 -1.58854 0 -0 -0 -0.998951 0.0457981
166.8 15.25 -1.59766 0 -0 -0 -0.998533 0.0541407
166.9 14.2797 -1.61589 0 0 0 0.999727 0.0233438
167 14.9648 -1.61663 0 -0 -0 -0.996487 0.0837484
167.1 14.6431 -1.61654 0 0 0 0.999906 0.0137109
167.2 14.1436 -1.59825 0 0 0 0.999958 0.00921469
167.3 14.0472 -1.59565 0 0 0 0.999933 0.0116151
167.4 13.7538 -1.58375 0 0 0 1 0.000921842
167.5 13.3822 -1.63634 0 -0 -0 -0.994619 0.103599
167.6 13.0459 -1.69758 0 -0 -0 -0.996605 0.0823311
167.7 12.6954 -1.71731 0 -0 -0 -0.999889 0.0148918
167.8 12.3503 -1.72942 0 -0 -0 -0.999662 0.0260139
167.9 12.0086 -1.74815 0 -0 -0 -0.99921 0.039752
168 11.6895 -1.80189 0 -0 -0 -0.998701 0.0509598
168.1 11.3736 -1.83509 0 -0 -0 -0.997872 0.0652041
168.2 11.0288 -1.87832 0 -0 -0 -0.997348 0.0727795
168.3 10.7191 -1.92869 0 -0 -0 -0.994493 0.104802
168.4 10.3413 -1.95331 0 -0 -0 -0.999927 0.0120996
168.5 9.99531 -1.90747 0 0 0 0.999546 0.0301218
168.6 9.5915 -1.88094 0 0 0 0.999685 0.0250839
168.7 9.27157 -1.86235 0 0 0 0.999824 0.018783
168.8 8.95575 -1.85461 0 -0 -0 -0.999974 0.00723487
168.9 8.61541 -1.85944 0 0 0 0.999953 0.00970981
169 8.51727 -1.86313 0 0 0 0.999349 0.0360782
169.1 8.21161 -1.83957 0 0 0 0.999158 0.0410386
169.2 7.86049 -1.81431 0 0 0 0.9997 0.0244798
169.3 7.53839 -1.8052 0 0 0 0.999979 0.00654918
169.4 7.244 -1.80657 0 -0 -0 -0.999979 0.00652936
169.5 6.8599 -1.80425 0 0 0 0.999961 0.00884767
169.6 5.96458 -1.78826 0 0 0 0.999308 0.0371839
169.7 6.63433 -1.78286 0 -0 -0 -0.999955 0.00947425
169.8 6.28936 -1.79585 0 -0 -0 -0.99937 0.0355005
169.9 5.74376 -1.75732 0 0 0 0.99962 0.027566
170 6.08472 -1.76752 0 0 0 0.999644 0.0266666
170.1 5.67126 -1.73694 0 0 0 0.999693 0.0247833
170.2 5.52166 -1.7316 0 0 0 0.999713 0.023946
170.3 5.17689 -1.71417 0 0 0 0.999926 0.0121486
170.4 4.82991 -1.71302 0 -0 -0 -0.999786 0.0206666
170.5 4.5082 -1.73101 0 -0 -0 -0.999473 0.0324618
170.6 4.16251 -1.76003 0 -0 -0 -0.998223 0.0595951
170.7 3.81308 -1.78807 0 -0 -0 -0.999991 0.00413641
170.8 3.44163 -1.70845 0 0 0 0.998458 0.0555081
170.9 3.08838 -1.66876 0 0 0 0.998986 0.0450125
171 3.00034 -1.66303 0 0 0 0.99956 0.0296594
171.1 2.59702 -1.70557 0 -0 -0 -0.997533 0.0702044
171.2 2.36655 -1.73459 0 -0 -0 -0.999238 0.0390328
171.3 2.09035 -1.75928 0 -0 -0 -0.998797 0.0490405
171.4 1.88602 -1.78099 0 -0 -0 -0.998069 0.0621101
171.5 1.55995 -1.81764 0 -0 -0 -0.997208 0.0746785
171.6 1.65375 -1.80379 0 -0 -0 -0.997303 0.0733915
171.7 1.35452 -1.80599 0 -0 -0 -0.999652 0.02638
171.8 0.960849 -1.82983 0 -0 -0 -0.998751 0.0499612
171.9 0.610149 -1.86569 0 -0 -0 -0.998171 0.0604541
172 0.29716 -1.90866 0 -0 -0 -0.99565 0.0931726
172.1 0.198628 -1.92884 0 -0 -0 -0.994749 0.102347
172.2 0.207522 -1.53786 0 0 0 0.710331 0.703868
172.3 0.209771 -1.21833 0 0 0 0.706557 0.707656
172.4 0.208344 -1.05971 0 0 0 0.704379 0.709824
172.5 0.210564 -0.784785 0 0 0 0.706209 0.708003
172.6 0.217607 -1.17894 0 0 0 0.706557 0.707656
172.7 0.220744 -0.58871 0 0 0 0.703113 0.711078
