0 0 0 0 0 0 0.709551 0.704655
0.1 -0.0171261 2.03928 0 0 0 0.714624 0.699509
0.2 -0.0879372 4.26573 0 0 0 0.723932 0.689871
0.3 -0.155454 6.42 0 0 0 0.703743 0.710455
0.4 -0.124772 8.61699 0 0 0 0.704719 0.709486
0.5 0.240045 11.221 0 0 0 0.557156 0.830408
0.6 1.36318 13.4077 0 0 0 0.267771 0.963482
0.7 3.29534 13.7095 0 -0 -0 -0.0588742 0.998265
0.8 5.1117 13.6938 0 -0 -0 -0.084838 0.996395
0.9 7.17993 13.7449 0 -0 -0 -0.013687 0.999906
1 9.44089 13.6078 0 -0 -0 -0.0462809 0.998928
1.1 11.8329 13.3257 0 -0 -0 -0.0505494 0.998722
1.2 14.2326 13.2756 0 -0 -0 -0.0165687 0.999863
1.3 16.6251 13.0929 0 -0 -0 -0.0353312 0.999376
1.4 18.9282 12.8137 0 -0 -0 -0.061594 0.998101
1.5 21.2377 12.6372 0 -0 -0 -0.0246901 0.999695
1.6 23.6689 12.4636 0 -0 -0 -0.032871 0.99946
1.7 25.9718 12.2056 0 -0 -0 -0.0577488 0.998331
1.8 28.2497 11.8409 0 -0 -0 -0.0743587 0.997232
1.9 30.5445 11.4928 0 -0 -0 -0.066232 0.997804
2 32.9743 11.3765 0 0 0 0.0421149 0.999113
2.1 35.4064 11.4709 0 -0 -0 -0.000751583 1
2.2 37.8255 11.2386 0 -0 -0 -0.0560955 0.998425
2.3 40.1199 10.8816 0 -0 -0 -0.0688675 0.997626
2.4 42.5423 10.633 0 -0 -0 -0.00588424 0.999983
2.5 44.8635 10.5273 0 -0 -0 -0.0166743 0.999861
2.6 47.1665 10.3503 0 -0 -0 -0.0274931 0.999622
2.7 48.5602 8.83895 0 -0 -0 -0.640405 0.768038
2.8 48.4173 6.37902 0 -0 -0 -0.701889 0.712286
2.9 48.2876 3.77606 0 -0 -0 -0.703032 0.711158
3 48.2584 1.45228 0 -0 -0 -0.69421 0.719772
3.1 49.376 -0.404403 0 -0 -0 -0.0380021 0.999278
3.2 51.9197 -0.280605 0 0 0 0.0556502 0.99845
3.3 54.32 -0.443713 0 -0 -0 -0.0669959 0.997753
3.4 56.8474 -0.374815 0 0 0 0.163365 0.986566
3.5 59.3773 -0.168764 0 0 0 0.0171833 0.999852
3.6 61.8353 0.276705 0 0 0 0.336648 0.94163
3.7 62.4648 2.52728 0 0 0 0.793836 0.608132
3.8 61.8197 5.02129 0 0 0 0.723424 0.690404
3.9 61.6899 7.59475 0 0 0 0.717004 0.697069
4 61.5677 10.0384 0 0 0 0.716013 0.698087
4.1 61.5177 12.6067 0 0 0 0.710559 0.703637
4.2 61.4641 15.0486 0 0 0 0.703485 0.71071
4.3 61.4457 17.6185 0 0 0 0.716833 0.697245
4.4 61.4025 20.2009 0 0 0 0.713711 0.700441
4.5 59.8926 21.5453 0 0 0 1 1.40715e-05
4.6 57.2986 21.4998 0 -0 -0 -0.999786 0.0206922
4.7 54.6987 21.3984 0 -0 -0 -0.999954 0.00957337
4.8 52.2295 21.3572 0 0 0 0.999985 0.00547925
4.9 49.629 21.3611 0 -0 -0 -0.999999 0.00160201
5 47.8841 20.2459 0 -0 -0 -0.824453 0.56593
5.1 47.9307 17.9831 0 -0 -0 -0.659784 0.751455
5.2 48.1091 15.5495 0 -0 -0 -0.689898 0.723907
5.3 48.0993 13.2481 0 -0 -0 -0.717424 0.696637
5.4 47.7874 11.2231 0 -0 -0 -0.999062 0.0432962
5.5 48.2582 10.23 0 -0 -0 -0.452648 0.891689
5.6 48.4315 8.27763 0 -0 -0 -0.7106 0.703596
5.7 48.2976 6.0224 0 -0 -0 -0.735759 0.677244
5.8 48.1448 3.76385 0 -0 -0 -0.730148 0.683289
5.9 47.968 1.63152 0 -0 -0 -0.691091 0.722768
6 47.7566 -0.602792 0 -0 -0 -0.678382 0.734709
6.1 47.5613 -2.6914 0 -0 -0 -0.759204 0.650852
6.2 46.7192 -4.49407 0 -0 -0 -0.918775 0.394782
6.3 45.4766 -6.20579 0 -0 -0 -0.871103 0.491101
6.4 44.7453 -8.10273 0 -0 -0 -0.796165 0.60508
6.5 44.0013 -10.392 0 -0 -0 -0.799761 0.600318
6.6 43.4346 -12.7081 0 -0 -0 -0.776563 0.630039
6.7 42.8032 -15.074 0 -0 -0 -0.785285 0.619134
6.8 42.1997 -17.0164 0 -0 -0 -0.815588 0.578634
6.9 40.5217 -17.8447 0 0 0 0.996072 0.0885502
7 38.259 -17.5252 0 0 0 0.993209 0.116341
7.1 35.879 -17.1054 0 0 0 0.994484 0.104887
7.2 33.709 -16.6037 0 0 0 0.991832 0.12755
7.3 31.6324 -16.1224 0 0 0 0.995112 0.0987478
7.4 29.8233 -16.7372 0 -0 -0 -0.847963 0.530056
7.5 29.2207 -18.8239 0 -0 -0 -0.752806 0.658243
7.6 28.7749 -21.1441 0 -0 -0 -0.762726 0.646722
7.7 28.2938 -23.3863 0 -0 -0 -0.753913 0.656975
7.8 27.9136 -25.6488 0 -0 -0 -0.747836 0.663883
7.9 27.4919 -28.0264 0 -0 -0 -0.758025 0.652225
8 26.9914 -30.4052 0 -0 -0 -0.768302 0.640088
8.1 26.4439 -32.6416 0 -0 -0 -0.778188 0.628032
8.2 25.8791 -34.9934 0 -0 -0 -0.769714 0.638389
8.3 25.3281 -37.2299 0 -0 -0 -0.777787 0.628528
8.4 24.5669 -39.658 0 -0 -0 -0.834019 0.551736
8.5 23.8491 -41.9677 0 -0 -0 -0.748558 0.663069
8.6 23.4352 -44.3512 0 -0 -0 -0.752826 0.65822
8.7 22.9905 -46.7258 0 -0 -0 -0.757026 0.653384
8.8 22.4588 -49.2094 0 -0 -0 -0.767172 0.641441
8.9 21.7984 -51.551 0 -0 -0 -0.793885 0.608068
9 21.1031 -53.8749 0 -0 -0 -0.754967 0.655763
9.1 20.6488 -56.2474 0 -0 -0 -0.757863 0.652413
9.2 20.0982 -58.4845 0 -0 -0 -0.78139 0.624043
9.3 19.391 -60.8095 0 -0 -0 -0.78761 0.616174
9.4 18.8067 -63.0292 0 -0 -0 -0.748455 0.663185
9.5 18.398 -65.4205 0 -0 -0 -0.750561 0.660801
9.6 17.8458 -67.7774 0 -0 -0 -0.780697 0.62491
9.7 17.158 -70.2445 0 -0 -0 -0.783904 0.620881
9.8 17.5118 -72.2378 0 -0 -0 -0.102671 0.994715
9.9 19.7547 -72.7284 0 -0 -0 -0.0858498 0.996308
10 22.0268 -73.1264 0 -0 -0 -0.0742309 0.997241
10.1 24.3025 -73.4673 0 -0 -0 -0.0527361 0.998608
10.2 26.4629 -73.7843 0 -0 -0 -0.0579143 0.998322
10.3 28.836 -74.2015 0 -0 -0 -0.101783 0.994807
10.4 31.2223 -74.6608 0 -0 -0 -0.0756204 0.997137
10.5 33.1062 -73.6591 0 0 0 0.564233 0.825615
10.6 33.8198 -71.2477 0 0 0 0.621672 0.783278
10.7 34.1194 -68.8692 0 0 0 0.676499 0.736443
10.8 34.3972 -66.3682 0 0 0 0.669276 0.743014
10.9 34.7588 -63.9987 0 0 0 0.639993 0.768381
11 35.2902 -61.7389 0 0 0 0.624012 0.781415
11.1 35.8511 -59.4427 0 0 0 0.627213 0.778848
11.2 36.4134 -56.9855 0 0 0 0.632692 0.774403
11.3 36.8922 -54.6314 0 0 0 0.640838 0.767676
11.4 37.3598 -52.4081 0 0 0 0.625507 0.780218
11.5 37.8966 -50.0641 0 0 0 0.635771 0.771878
11.6 38.4983 -47.7338 0 0 0 0.616733 0.787173
11.7 39.1009 -45.4174 0 0 0 0.621136 0.783703
11.8 39.6645 -43.0743 0 0 0 0.632819 0.774299
11.9 40.4819 -40.689 0 0 0 0.586718 0.809791
12 41.2161 -38.401 0 0 0 0.616144 0.787633
12.1 41.7692 -36.0637 0 0 0 0.636572 0.771218
12.2 42.2541 -33.8368 0 0 0 0.637132 0.770754
12.3 42.8357 -31.5112 0 0 0 0.620524 0.784187
12.4 43.4319 -29.3102 0 0 0 0.609307 0.792935
12.5 44.0387 -26.9874 0 0 0 0.623577 0.781762
12.6 44.5615 -24.6364 0 0 0 0.635483 0.772115
12.7 45.2098 -22.4514 0 0 0 0.599377 0.800467
12.8 45.6664 -20.2444 0 0 0 0.818835 0.57403
12.9 43.5639 -19.4438 0 0 0 0.997537 0.0701371
13 41.2423 -18.925 0 0 0 0.991401 0.130856
13.1 38.9679 -18.2187 0 0 0 0.986463 0.163987
13.2 36.8205 -17.5063 0 0 0 0.988238 0.152924
13.3 34.782 -16.9453 0 0 0 0.986511 0.163693
13.4 32.3824 -16.3403 0 0 0 0.992833 0.11951
13.5 30.1281 -16.7357 0 -0 -0 -0.867097 0.49814
13.6 29.4396 -19.1755 0 -0 -0 -0.774068 0.633103
13.7 28.8776 -21.8304 0 -0 -0 -0.782922 0.62212
13.8 28.2343 -24.4866 0 -0 -0 -0.794724 0.606971
13.9 27.5015 -27.1058 0 -0 -0 -0.80608 0.591806
14 26.8348 -29.7547 0 -0 -0 -0.795583 0.605845
14.1 26.1835 -32.2604 0 -0 -0 -0.793292 0.608841
14.2 25.5553 -34.9128 0 -0 -0 -0.791331 0.611388
14.3 24.9233 -37.4282 0 -0 -0 -0.792077 0.610421
14.4 24.2597 -39.9291 0 -0 -0 -0.799225 0.601032
14.5 23.6885 -42.5943 0 -0 -0 -0.785437 0.618942
14.6 23.0337 -45.2405 0 -0 -0 -0.793911 0.608034
14.7 22.3744 -47.7425 0 -0 -0 -0.78856 0.614958
14.8 21.7171 -50.3883 0 -0 -0 -0.793879 0.608076
14.9 21.1956 -53.0537 0 -0 -0 -0.749021 0.662546
15 20.6731 -55.7418 0 -0 -0 -0.778435 0.627725
15.1 20.0464 -58.3992 0 -0 -0 -0.792736 0.609566
15.2 19.3828 -60.8944 0 -0 -0 -0.798679 0.601758
15.3 18.6609 -63.5227 0 -0 -0 -0.789428 0.613843
15.4 18.189 -66.1134 0 -0 -0 -0.774412 0.632682
15.5 17.6409 -68.7464 0 -0 -0 -0.780098 0.625657
15.6 17.0453 -71.3864 0 -0 -0 -0.792783 0.609503
15.7 16.415 -73.8859 0 -0 -0 -0.793023 0.609192
15.8 15.7719 -76.3741 0 -0 -0 -0.796945 0.604052
15.9 15.0611 -78.9942 0 -0 -0 -0.800542 0.599276
16 14.4501 -81.6313 0 -0 -0 -0.7712 0.636593
16.1 13.9715 -84.1648 0 -0 -0 -0.774475 0.632604
16.2 13.4472 -86.8311 0 -0 -0 -0.777019 0.629477
16.3 12.893 -89.4814 0 -0 -0 -0.782227 0.622994
16.4 12.3138 -92.1397 0 -0 -0 -0.780747 0.624848
16.5 11.7327 -94.7922 0 -0 -0 -0.78438 0.62028
16.6 11.0914 -97.0453 0 -0 -0 -0.787612 0.616172
16.7 10.4284 -99.4362 0 -0 -0 -0.776605 0.629988
16.8 9.83705 -101.71 0 -0 -0 -0.777451 0.628944
16.9 9.20355 -104.108 0 -0 -0 -0.781021 0.624505
17 8.55699 -106.493 0 -0 -0 -0.781898 0.623406
17.1 8.20319 -108.831 0 -0 -0 -0.73855 0.674199
17.2 8.08851 -111.328 0 -0 -0 -0.75451 0.656289
17.3 7.66914 -113.698 0 -0 -0 -0.777602 0.628756
17.4 7.18769 -116.101 0 -0 -0 -0.781073 0.62444
17.5 6.61633 -118.393 0 -0 -0 -0.823184 0.567775
17.6 6.14777 -120.835 0 -0 -0 -0.768576 0.639758
17.7 5.76387 -123.166 0 -0 -0 -0.769354 0.638823
17.8 5.33135 -125.625 0 -0 -0 -0.774659 0.632379
17.9 6.42561 -127.428 0 -0 -0 -0.0502333 0.998738
18 9.07224 -127.587 0 -0 -0 -0.0277454 0.999615
18.1 11.7005 -127.863 0 -0 -0 -0.0977319 0.995213
18.2 14.1916 -128.248 0 -0 -0 -0.0755726 0.99714
18.3 16.8321 -128.519 0 -0 -0 -0.0190601 0.999818
18.4 19.4415 -128.949 0 -0 -0 -0.105112 0.99446
18.5 21.9204 -129.138 0 0 0 0.248776 0.968561
18.6 22.4852 -126.621 0 0 0 0.68036 0.732878
18.7 22.7824 -124.122 0 0 0 0.67381 0.738904
18.8 23.1395 -121.612 0 0 0 0.666066 0.745893
18.9 23.869 -119.063 0 0 0 0.571904 0.82032
19 24.426 -116.6 0 0 0 0.652073 0.758156
19.1 24.8132 -114.122 0 0 0 0.666329 0.745658
19.2 25.2322 -111.495 0 0 0 0.658842 0.752282
19.3 25.6806 -109.021 0 0 0 0.651503 0.758646
19.4 26.205 -106.419 0 0 0 0.642287 0.766465
19.5 26.7793 -103.825 0 0 0 0.634765 0.772705
19.6 27.3631 -101.231 0 0 0 0.633287 0.773917
19.7 27.8511 -98.6268 0 0 0 0.65323 0.75716
19.8 28.3385 -96.1767 0 0 0 0.641112 0.767447
19.9 28.9063 -93.7521 0 0 0 0.629764 0.776787
20 29.5151 -91.3486 0 0 0 0.648535 0.761185
20.1 30.0372 -88.801 0 0 0 0.641199 0.767375
20.2 30.6021 -86.3915 0 0 0 0.626336 0.779553
20.3 31.1869 -84.1036 0 0 0 0.627962 0.778244
20.4 31.702 -81.6773 0 0 0 0.638536 0.769592
20.5 32.275 -79.2681 0 0 0 0.625897 0.779906
20.6 32.89 -76.8642 0 0 0 0.681888 0.731456
20.7 32.1004 -74.6838 0 0 0 0.964555 0.263881
20.8 29.869 -74.265 0 -0 -0 -0.998387 0.056768
20.9 27.6411 -74.0836 0 0 0 0.997822 0.0659627
21 25.3872 -73.6601 0 0 0 0.997855 0.0654688
21.1 22.9802 -73.2156 0 0 0 0.9953 0.0968415
21.2 21.4193 -72.8294 0 0 0 0.993069 0.117537
21.3 19.8443 -72.3936 0 0 0 0.996104 0.0881917
21.4 18.0707 -72.1412 0 0 0 0.999864 0.0164958
21.5 16.746 -73.2413 0 -0 -0 -0.806064 0.591829
21.6 16.137 -75.6674 0 -0 -0 -0.751491 0.659743
21.7 15.734 -78.161 0 -0 -0 -0.753414 0.657547
21.8 15.3568 -80.5258 0 -0 -0 -0.747199 0.664601
21.9 15.0641 -83.0325 0 -0 -0 -0.693118 0.720824
22 14.3364 -85.2952 0 -0 -0 -0.7983 0.60226
22.1 13.5449 -87.7029 0 -0 -0 -0.797301 0.603582
22.2 12.8256 -90.1296 0 -0 -0 -0.772686 0.634788
22.3 12.3082 -92.4737 0 -0 -0 -0.769411 0.638754
22.4 11.7783 -94.9431 0 -0 -0 -0.785107 0.61936
22.5 11.2002 -97.6532 0 -0 -0 -0.783905 0.620881
22.6 10.617 -100.345 0 -0 -0 -0.788055 0.615605
22.7 10.051 -102.913 0 -0 -0 -0.799415 0.60078
22.8 8.66785 -105.204 0 -0 -0 -0.957624 0.288021
22.9 6.2237 -105.742 0 0 0 0.996635 0.0819707
23 4.15482 -105.513 0 0 0 0.994577 0.104007
23.1 2.24933 -105.224 0 0 0 0.995511 0.0946485
23.2 0.372118 -104.912 0 0 0 0.991264 0.131896
23.3 -1.5508 -104.573 0 0 0 0.993466 0.11413
23.4 -3.47678 -104.248 0 0 0 0.995564 0.0940821
23.5 -5.49979 -103.961 0 0 0 0.993702 0.112056
23.6 -7.37618 -103.44 0 0 0 0.990432 0.138003
23.7 -8.53527 -101.862 0 0 0 0.8329 0.553424
23.8 -10.1055 -100.794 0 0 0 0.990772 0.135539
23.9 -12.1474 -100.136 0 0 0 0.990187 0.13975
24 -14.0281 -99.4558 0 0 0 0.987091 0.16016
24.1 -16.3976 -98.6141 0 0 0 0.992425 0.122856
24.2 -18.9886 -98.1143 0 0 0 0.991026 0.133666
24.3 -21.4487 -97.5986 0 0 0 0.992141 0.125123
24.4 -24.0309 -97.0771 0 0 0 0.991338 0.131337
24.5 -26.6144 -96.4937 0 0 0 0.988641 0.150296
24.6 -29.033 -95.8743 0 0 0 0.986412 0.164291
24.7 -31.431 -95.2006 0 0 0 0.953754 0.300587
24.8 -31.5497 -92.8943 0 0 0 0.647146 0.762366
24.9 -31.855 -90.7443 0 0 0 0.999639 0.0268807
25 -34.2812 -90.3841 0 0 0 0.990693 0.136115
25.1 -36.4389 -90.4512 0 -0 -0 -0.766076 0.64275
25.2 -36.1097 -92.4416 0 -0 -0 -0.998066 0.0621633
25.3 -36.5762 -90.2134 0 0 0 0.689245 0.724528
25.4 -36.2177 -87.6164 0 0 0 0.660135 0.751147
25.5 -35.6572 -85.0579 0 0 0 0.629503 0.776998
25.6 -34.9826 -82.5215 0 0 0 0.64348 0.765463
25.7 -34.4313 -80.0881 0 0 0 0.63616 0.771557
25.8 -33.9539 -77.5774 0 0 0 0.657952 0.75306
25.9 -33.5225 -75.0459 0 0 0 0.62978 0.776774
26 -32.9378 -72.6824 0 0 0 0.60319 0.797598
26.1 -32.2216 -70.2294 0 0 0 0.685647 0.727934
26.2 -31.9257 -67.8131 0 0 0 0.653259 0.757134
26.3 -31.4736 -65.2917 0 0 0 0.630122 0.776496
26.4 -30.9022 -62.7892 0 0 0 0.613458 0.789727
26.5 -30.0099 -60.5372 0 0 0 0.540338 0.841448
26.6 -29.0037 -58.3231 0 0 0 0.556818 0.830635
26.7 -28.1619 -55.9151 0 0 0 0.59077 0.80684
26.8 -27.3469 -53.4899 0 0 0 0.574389 0.818582
26.9 -26.4145 -51.1022 0 0 0 0.553471 0.832868
27 -25.5557 -48.6948 0 0 0 0.571998 0.820255
27.1 -24.7854 -46.3882 0 0 0 0.584231 0.811587
27.2 -24.053 -44.2017 0 0 0 0.607178 0.794566
27.3 -23.339 -41.7431 0 0 0 0.595127 0.803632
27.4 -22.6536 -39.5543 0 0 0 0.583395 0.812189
27.5 -22.003 -37.2334 0 0 0 0.598117 0.801409
27.6 -21.3391 -35.0443 0 0 0 0.584124 0.811664
27.7 -20.573 -32.7627 0 0 0 0.575876 0.817537
27.8 -19.7811 -30.478 0 0 0 0.556352 0.830947
27.9 -19.0855 -28.2952 0 0 0 0.592585 0.805508
28 -18.358 -26.0027 0 0 0 0.583022 0.812456
28.1 -17.612 -23.8401 0 0 0 0.572923 0.819609
28.2 -16.9216 -22.1522 0 0 0 0.645101 0.764097
28.3 -16.7201 -20.3631 0 0 0 0.621604 0.783332
28.4 -16.3535 -18.7804 0 0 0 0.631941 0.775017
28.5 -16.1145 -17.2966 0 0 0 0.657231 0.753689
28.6 -15.8779 -15.4697 0 0 0 0.627043 0.778984
28.7 -15.2896 -13.4698 0 0 0 0.597752 0.801681
28.8 -14.713 -11.3603 0 0 0 0.633919 0.7734
28.9 -14.3293 -9.29296 0 0 0 0.632378 0.77466
29 -13.9524 -7.23994 0 0 0 0.651403 0.758732
29.1 -13.6409 -5.06328 0 0 0 0.666087 0.745874
29.2 -13.4458 -3.32629 0 0 0 0.651945 0.758266
29.3 -13.1628 -1.7891 0 0 0 0.606539 0.795054
29.4 -11.9401 -1.1739 0 -0 -0 -0.0301733 0.999545
29.5 -10.0064 -1.49243 0 -0 -0 -0.0623957 0.998051
29.6 -8.04981 -1.92526 0 -0 -0 -0.0857549 0.996316
29.7 -6.10041 -2.3466 0 -0 -0 -0.048226 0.998836
29.8 -4.12112 -2.55237 0 0 0 0.0523535 0.998629
29.9 -2.1959 -2.12348 0 0 0 0.16541 0.986225
30 -0.813548 -0.924924 0 0 0 0.464757 0.885439
30.1 -0.0371402 0.846282 0 0 0 0.769068 0.639167
30.2 -0.719097 2.76218 0 0 0 0.747852 0.663866
30.3 -0.789579 4.77358 0 0 0 0.695647 0.718384
30.4 -0.772696 7.0655 0 0 0 0.697838 0.716256
30.5 -0.782632 9.24398 0 0 0 0.701113 0.71305
30.6 -0.803735 11.5344 0 0 0 0.698981 0.71514
30.7 -0.490163 13.4801 0 0 0 0.263102 0.964768
30.8 1.44109 13.7833 0 -0 -0 -0.0234883 0.999724
30.9 3.01355 13.6386 0 -0 -0 -0.0364397 0.999336
31 4.59534 13.4224 0 -0 -0 -0.0725498 0.997365
31.1 6.40825 13.2279 0 -0 -0 -0.0051832 0.999987
31.2 8.22323 13.2151 0 0 0 0.0270479 0.999634
31.3 10.2528 13.2291 0 0 0 0.0436346 0.999048
31.4 12.3327 13.309 0 0 0 0.0193596 0.999813
31.5 14.3119 13.29 0 0 0 0.00250309 0.999997
31.6 16.4132 13.3066 0 0 0 0.0128765 0.999917
31.7 18.5126 13.3112 0 0 0 0.0139716 0.999902
31.8 20.6178 13.2895 0 -0 -0 -0.01314 0.999914
31.9 22.7146 13.1657 0 -0 -0 -0.034535 0.999403
32 25.0567 12.9518 0 -0 -0 -0.037162 0.999309
32.1 27.4221 12.6871 0 -0 -0 -0.0577165 0.998333
32.2 29.6904 12.3995 0 -0 -0 -0.0688121 0.99763
32.3 31.9356 12.0606 0 -0 -0 -0.0776332 0.996982
32.4 34.2 11.8214 0 -0 -0 -0.00824108 0.999966
32.5 36.3969 11.7056 0 -0 -0 -0.0277763 0.999614
32.6 38.0886 11.5616 0 -0 -0 -0.0402109 0.999191
32.7 40.1015 11.3439 0 -0 -0 -0.0334847 0.999439
32.8 42.031 11.2131 0 -0 -0 -0.0317767 0.999495
32.9 43.9511 11.0234 0 -0 -0 -0.0515975 0.998668
33 45.9578 10.7553 0 -0 -0 -0.0671377 0.997744
33.1 47.8672 10.503 0 -0 -0 -0.0293677 0.999569
33.2 48.8893 9.36238 0 -0 -0 -0.688095 0.725621
33.3 48.9167 7.45063 0 -0 -0 -0.755416 0.655245
33.4 48.6413 5.5639 0 -0 -0 -0.755301 0.655378
33.5 48.358 3.67418 0 -0 -0 -0.773902 0.633306
33.6 48.0651 1.67108 0 -0 -0 -0.795497 0.605958
33.7 47.7714 -0.432276 0 -0 -0 -0.786549 0.617527
33.8 47.497 -2.43642 0 -0 -0 -0.785491 0.618873
33.9 47.0589 -4.0722 0 -0 -0 -0.799733 0.600355
34 45.7621 -4.21295 0 0 0 0.960621 0.277862
34.1 45.519 -4.90131 0 0 0 0.127957 0.99178
34.2 47.16 -4.45028 0 0 0 0.479369 0.877614
34.3 47.2287 -2.70503 0 0 0 0.690882 0.722968
34.4 47.4713 -0.953749 0 0 0 0.662552 0.749016
34.5 48.7211 -0.294716 0 -0 -0 -0.167882 0.985807
34.6 50.4401 -0.181937 0 0 0 0.0473475 0.998878
34.7 52.2454 -0.0292671 0 0 0 0.0148923 0.999889
34.8 54.0651 0.0602972 0 0 0 0.0146527 0.999893
34.9 55.873 0.0671136 0 -0 -0 -0.0791369 0.996864
35 57.5904 -0.0943344 0 -0 -0 -0.0237772 0.999717
35.1 59.3987 -0.138048 0 -0 -0 -0.0051113 0.999987
35.2 61.0696 0.106683 0 0 0 0.448084 0.893992
35.3 61.4554 1.90783 0 0 0 0.669807 0.742535
35.4 61.5078 3.67169 0 0 0 0.714219 0.699922
35.5 61.5453 5.52637 0 0 0 0.686847 0.726802
35.6 61.6074 7.29123 0 0 0 0.730486 0.682928
35.7 61.4772 9.04816 0 0 0 0.756288 0.654239
35.8 61.304 10.8881 0 0 0 0.715716 0.698391
35.9 61.2627 12.6474 0 0 0 0.727582 0.686021
36 61.1578 14.4981 0 0 0 0.740265 0.672315
36.1 61.1196 16.3469 0 0 0 0.718129 0.69591
36.2 61.0769 18.1122 0 0 0 0.726497 0.68717
36.3 60.9868 19.8711 0 0 0 0.739876 0.672743
36.4 60.5776 21.6067 0 0 0 0.983927 0.178571
36.5 58.8983 21.4733 0 -0 -0 -0.998866 0.0476188
36.6 57.2039 21.4792 0 -0 -0 -0.999972 0.00751739
36.7 55.5008 21.55 0 -0 -0 -1 0.000371482
36.8 53.802 21.6434 0 0 0 0.999964 0.00843664
36.9 52.0174 21.7263 0 -0 -0 -0.999425 0.0339132
37 50.322 21.7023 0 -0 -0 -0.999496 0.0317433
37.1 48.5428 21.6649 0 -0 -0 -0.998614 0.0526326
37.2 48.0797 20.3065 0 -0 -0 -0.700773 0.713384
37.3 48.0732 18.6635 0 -0 -0 -0.715015 0.699109
37.4 48.0491 16.9451 0 -0 -0 -0.722642 0.691223
37.5 48.0083 15.3057 0 -0 -0 -0.713185 0.700976
37.6 47.9913 13.5885 0 -0 -0 -0.665707 0.746213
37.7 48.1699 11.8783 0 -0 -0 -0.735855 0.677139
37.8 46.6227 11.5358 0 -0 -0 -0.999284 0.0378453
37.9 44.8431 11.5324 0 -0 -0 -0.994043 0.108985
38 43.1335 11.3872 0 -0 -0 -0.999208 0.0398014
38.1 41.3814 11.3553 0 -0 -0 -0.999623 0.0274681
38.2 39.6717 11.39 0 -0 -0 -0.999962 0.00870224
38.3 37.9781 11.4733 0 0 0 0.999939 0.011024
38.4 36.1947 11.6285 0 0 0 0.999655 0.0262625
38.5 34.2118 11.8174 0 0 0 0.999844 0.0176743
38.6 32.1704 11.9918 0 0 0 0.999891 0.0147971
38.7 30.1321 12.1921 0 0 0 0.999334 0.0364954
38.8 27.9964 12.4799 0 0 0 0.999736 0.0229903
38.9 25.956 12.53 0 -0 -0 -0.999984 0.00563818
39 23.9172 12.6567 0 0 0 0.999814 0.0192651
39.1 21.5702 12.8985 0 0 0 0.998965 0.0454784
39.2 19.021 13.0423 0 0 0 0.999945 0.010487
39.3 16.4624 13.2661 0 0 0 0.999187 0.0403165
39.4 14.0822 13.2235 0 -0 -0 -0.99963 0.0271846
39.5 12.5563 13.5694 0 -0 -0 -0.985207 0.171369
39.6 12.4489 12.367 0 -0 -0 -0.400565 0.916268
39.7 13.7083 12.6261 0 0 0 0.609619 0.792695
39.8 12.7987 13.5869 0 -0 -0 -0.971674 0.236327
39.9 11.43 12.9014 0 -0 -0 -0.997565 0.0697465
40 9.73405 13.0927 0 0 0 0.992358 0.123392
40.1 7.83599 13.4849 0 0 0 0.99986 0.0167107
40.2 5.80387 13.7058 0 0 0 0.998907 0.0467338
40.3 3.78145 13.8289 0 -0 -0 -1 0.000874133
40.4 2.16298 13.7768 0 0 0 0.999998 0.00218619
40.5 0.489034 13.898 0 0 0 0.999766 0.0216546
40.6 -0.55151 13.2241 0 -0 -0 -0.733191 0.680023
40.7 -0.682039 11.685 0 -0 -0 -0.740008 0.672598
40.8 -0.848683 10.1505 0 -0 -0 -0.748043 0.663651
40.9 -1.07638 8.50106 0 -0 -0 -0.753067 0.657943
41 -1.12884 6.53702 0 -0 -0 -0.707846 0.706367
41.1 -1.07689 4.5706 0 -0 -0 -0.68855 0.725189
41.2 -0.978346 2.40694 0 -0 -0 -0.696391 0.717662
41.3 -0.850936 0.432032 0 -0 -0 -0.681938 0.73141
41.4 -1.2452 -1.31824 0 -0 -0 -0.893532 0.448999
41.5 -2.87962 -2.27899 0 -0 -0 -0.998918 0.0464989
41.6 -4.91097 -2.29778 0 0 0 0.999517 0.0310851
41.7 -7.0512 -2.03118 0 0 0 0.999664 0.0259202
41.8 -9.08868 -1.83695 0 0 0 0.998839 0.0481692
41.9 -11.2323 -1.71184 0 -0 -0 -0.999704 0.0243403
42 -13.2693 -1.6763 0 0 0 0.999635 0.027017
42.1 -15.4119 -1.57285 0 0 0 0.999451 0.0331241
42.2 -17.4252 -1.24809 0 0 0 0.999368 0.0355386
42.3 -19.4583 -1.02421 0 0 0 0.997652 0.0684871
42.4 -21.4637 -0.634238 0 0 0 0.988396 0.151898
42.5 -22.9801 0.738824 0 0 0 0.921614 0.388108
42.6 -24.454 2.42945 0 0 0 0.899612 0.436689
42.7 -25.4016 4.61061 0 0 0 0.651645 0.758524
42.8 -24.6848 6.83253 0 0 0 0.573049 0.819521
42.9 -24.1621 9.13771 0 0 0 0.694232 0.719751
43 -23.9763 11.5486 0 0 0 0.673635 0.739064
43.1 -23.642 14.0697 0 0 0 0.652765 0.757561
43.2 -23.9315 16.001 0 0 0 0.927561 0.373672
43.3 -25.7121 16.4926 0 0 0 0.990708 0.136007
43.4 -27.1701 16.7604 0 -0 -0 -0.999576 0.0291194
43.5 -29.3212 16.9182 0 0 0 0.998096 0.0616818
43.6 -31.8432 17.3187 0 0 0 0.997519 0.0703957
43.7 -34.372 17.6907 0 0 0 0.996792 0.0800413
43.8 -36.7752 18.0525 0 0 0 0.999272 0.0381568
43.9 -39.1823 18.2982 0 0 0 0.999502 0.0315632
44 -41.7281 18.5474 0 0 0 0.998561 0.053635
44.1 -44.1308 18.8801 0 0 0 0.998515 0.0544859
44.2 -46.6656 19.2322 0 0 0 0.997395 0.072128
44.3 -49.2022 19.4924 0 0 0 0.999674 0.0255435
44.4 -51.3707 19.8037 0 0 0 0.982959 0.183823
44.5 -52.8758 20.1231 0 0 0 0.998618 0.0525623
44.6 -54.7531 20.3792 0 0 0 0.997765 0.0668276
44.7 -57.2181 20.8018 0 0 0 0.996357 0.0852767
44.8 -59.6061 21.2887 0 0 0 0.994308 0.106548
44.9 -62.101 21.8422 0 0 0 0.994918 0.100689
45 -64.5874 22.4136 0 0 0 0.993728 0.111825
45.1 -67.0671 23.0659 0 0 0 0.990012 0.140981
45.2 -69.5653 23.5746 0 0 0 0.998365 0.0571586
45.3 -72.0859 23.9231 0 0 0 0.997506 0.0705802
45.4 -74.6211 24.3328 0 0 0 0.996927 0.0783312
45.5 -77.0057 24.7653 0 0 0 0.99591 0.0903555
45.6 -79.5115 25.2811 0 0 0 0.995165 0.0982131
45.7 -82.0036 25.8427 0 0 0 0.995319 0.0966447
45.8 -84.4879 26.384 0 0 0 0.993969 0.109664
45.9 -86.1386 26.7914 0 0 0 0.993217 0.116278
46 -87.832 27.1711 0 0 0 0.999379 0.0352398
46.1 -89.6727 27.3368 0 0 0 0.999282 0.0378856
46.2 -91.9651 27.7447 0 0 0 0.995462 0.095162
46.3 -94.3397 28.2608 0 0 0 0.994666 0.103148
46.4 -96.2014 27.2574 0 -0 -0 -0.81422 0.580557
46.5 -97.0806 24.8705 0 -0 -0 -0.897761 0.440483
46.6 -99.4243 24.8598 0 0 0 0.998478 0.0551447
46.7 -101.961 25.1588 0 0 0 0.996541 0.0831075
46.8 -104.302 25.7449 0 0 0 0.993561 0.113295
46.9 -106.121 26.2309 0 0 0 0.992852 0.119349
47 -107.846 26.9469 0 0 0 0.927365 0.374158
47.1 -109.449 28.6553 0 0 0 0.959803 0.280676
47.2 -111.572 29.5836 0 0 0 0.992599 0.121434
47.3 -113.731 30.0903 0 0 0 0.999861 0.0166653
47.4 -115.158 28.7225 0 -0 -0 -0.774305 0.632812
47.5 -115.576 26.4547 0 -0 -0 -0.765184 0.643812
47.6 -115.953 23.963 0 -0 -0 -0.747314 0.664471
47.7 -116.636 21.5204 0 -0 -0 -0.799844 0.600208
47.8 -117.372 19.0755 0 -0 -0 -0.7956 0.605822
47.9 -117.972 16.7281 0 -0 -0 -0.782521 0.622624
48 -118.502 14.2273 0 -0 -0 -0.768573 0.639762
48.1 -118.948 11.72 0 -0 -0 -0.780305 0.625399
48.2 -119.448 9.34983 0 -0 -0 -0.785515 0.618843
48.3 -120.015 6.85634 0 -0 -0 -0.775007 0.631952
48.4 -120.603 4.50893 0 -0 -0 -0.792783 0.609505
48.5 -121.206 2.0238 0 -0 -0 -0.779381 0.62655
48.6 -121.836 -0.442888 0 -0 -0 -0.816636 0.577153
48.7 -122.587 -2.74521 0 -0 -0 -0.793928 0.608012
48.8 -123.195 -5.08628 0 -0 -0 -0.785526 0.618829
48.9 -123.502 -7.60258 0 -0 -0 -0.654885 0.755728
49 -122.582 -9.9668 0 -0 -0 -0.450832 0.892609
49.1 -120.994 -11.8293 0 -0 -0 -0.452538 0.891745
49.2 -119.585 -13.9662 0 -0 -0 -0.476945 0.878933
49.3 -117.915 -15.8852 0 -0 -0 -0.224817 0.974401
49.4 -116.223 -16.4422 0 0 0 0.0606568 0.998159
49.5 -114.734 -16.9833 0 -0 -0 -0.74052 0.672034
49.6 -116.259 -16.6985 0 0 0 0.99633 0.0855909
49.7 -114.718 -16.8057 0 -0 -0 -0.0106554 0.999943
49.8 -112.211 -17.3782 0 -0 -0 -0.159729 0.987161
49.9 -109.857 -18.0684 0 -0 -0 -0.127885 0.991789
50 -107.462 -18.6476 0 -0 -0 -0.106134 0.994352
50.1 -104.911 -19.0728 0 -0 -0 -0.0628624 0.998022
50.2 -102.334 -19.3419 0 -0 -0 -0.0367792 0.999323
50.3 -99.8807 -19.4727 0 -0 -0 -0.014586 0.999894
50.4 -97.6125 -19.5249 0 -0 -0 -0.0991049 0.995077
50.5 -95.3225 -20.0048 0 -0 -0 -0.093574 0.995612
50.6 -92.9018 -20.4262 0 -0 -0 -0.0762188 0.997091
50.7 -90.3371 -20.7716 0 -0 -0 -0.0524475 0.998624
50.8 -87.7988 -21.2947 0 -0 -0 -0.102541 0.994729
50.9 -85.3805 -21.7516 0 -0 -0 -0.0847904 0.996399
51 -82.8208 -22.1535 0 -0 -0 -0.070289 0.997527
51.1 -80.4369 -22.6759 0 -0 -0 -0.174605 0.984639
51.2 -78.0028 -23.5597 0 -0 -0 -0.170314 0.98539
51.3 -75.5143 -24.2992 0 -0 -0 -0.136132 0.990691
51.4 -73.1442 -24.9109 0 -0 -0 -0.0990459 0.995083
51.5 -70.5586 -24.8332 0 0 0 0.0485493 0.998821
51.6 -68.1032 -24.7389 0 -0 -0 -0.035623 0.999365
51.7 -65.6442 -25.2019 0 -0 -0 -0.117725 0.993046
51.8 -63.1555 -25.7805 0 -0 -0 -0.114218 0.993456
51.9 -60.6321 -26.3156 0 -0 -0 -0.0939055 0.995581
52 -58.21 -26.7649 0 -0 -0 -0.0896693 0.995972
52.1 -55.8759 -27.1659 0 -0 -0 -0.0841426 0.996454
52.2 -53.3244 -27.5546 0 -0 -0 -0.0720429 0.997402
52.3 -50.7671 -27.9552 0 -0 -0 -0.113805 0.993503
52.4 -48.3898 -28.5882 0 -0 -0 -0.126797 0.991929
52.5 -45.8773 -29.1953 0 -0 -0 -0.111465 0.993768
52.6 -43.3471 -29.7353 0 -0 -0 -0.097188 0.995266
52.7 -40.9241 -30.1808 0 -0 -0 -0.0845408 0.99642
52.8 -38.3729 -30.6293 0 -0 -0 -0.109498 0.993987
52.9 -35.9886 -31.2154 0 -0 -0 -0.118878 0.992909
53 -33.5833 -31.7999 0 -0 -0 -0.121758 0.99256
53.1 -31.1915 -32.3557 0 -0 -0 -0.107214 0.994236
53.2 -28.6491 -32.8847 0 -0 -0 -0.0924232 0.99572
53.3 -26.2356 -33.3269 0 -0 -0 -0.0902292 0.995921
53.4 -23.8027 -33.8586 0 -0 -0 -0.207607 0.978212
53.5 -22.3569 -35.7692 0 -0 -0 -0.702488 0.711695
53.6 -22.6449 -38.2974 0 -0 -0 -0.757987 0.652269
53.7 -23.0712 -40.6826 0 -0 -0 -0.782684 0.62242
53.8 -23.6782 -43.0004 0 -0 -0 -0.805178 0.593034
53.9 -24.6129 -45.1064 0 -0 -0 -0.881907 0.471424
54 -23.8725 -46.5969 0 0 0 0.323032 0.946388
54.1 -23.5873 -44.5636 0 0 0 0.661751 0.749723
54.2 -23.1893 -41.8558 0 0 0 0.668125 0.744049
54.3 -22.468 -39.3629 0 0 0 0.561593 0.827413
54.4 -21.3692 -36.8506 0 0 0 0.627734 0.778428
54.5 -20.8231 -34.1676 0 0 0 0.650311 0.759668
54.6 -20.2473 -31.6435 0 0 0 0.487315 0.873226
54.7 -18.5324 -29.5816 0 0 0 0.609369 0.792887
54.8 -17.9119 -27.0503 0 0 0 0.754532 0.656263
54.9 -18.6522 -27.4737 0 -0 -0 -0.580888 0.813983
55 -19.0251 -29.6168 0 -0 -0 -0.802345 0.596861
55.1 -19.7652 -31.9042 0 -0 -0 -0.819799 0.572652
55.2 -20.598 -34.024 0 -0 -0 -0.83721 0.546882
55.3 -21.4234 -36.2756 0 -0 -0 -0.822434 0.568861
55.4 -22.1531 -38.5594 0 -0 -0 -0.754923 0.655814
55.5 -22.5483 -40.9269 0 -0 -0 -0.793565 0.608486
55.6 -22.7597 -42.961 0 -0 -0 -0.7478 0.663925
55.7 -23.2956 -45.297 0 -0 -0 -0.803636 0.595121
55.8 -24.0314 -47.5857 0 -0 -0 -0.818165 0.574984
55.9 -24.8933 -49.8262 0 -0 -0 -0.833796 0.552073
56 -25.667 -51.9664 0 -0 -0 -0.78882 0.614625
56.1 -26.2371 -54.3053 0 -0 -0 -0.796502 0.604636
56.2 -26.775 -56.5236 0 -0 -0 -0.783718 0.621117
56.3 -27.3163 -58.8642 0 -0 -0 -0.792161 0.610312
56.4 -27.935 -61.1909 0 -0 -0 -0.8019 0.597458
56.5 -28.6524 -63.385 0 -0 -0 -0.812364 0.58315
56.6 -29.48 -65.67 0 -0 -0 -0.820185 0.572099
56.7 -30.277 -67.8351 0 -0 -0 -0.820158 0.572136
56.8 -31.1159 -70.0268 0 -0 -0 -0.824393 0.566017
56.9 -31.9384 -72.2693 0 -0 -0 -0.789586 0.61364
57 -32.5693 -74.616 0 -0 -0 -0.798095 0.602532
57.1 -33.3328 -76.9247 0 -0 -0 -0.811839 0.583881
57.2 -34.0831 -79.1006 0 -0 -0 -0.793287 0.608847
57.3 -34.5138 -81.4349 0 -0 -0 -0.826833 0.562448
57.4 -35.3183 -83.6329 0 -0 -0 -0.834408 0.551148
57.5 -36.2015 -85.807 0 -0 -0 -0.842866 0.538123
57.6 -37.0797 -87.8548 0 -0 -0 -0.824783 0.56545
57.7 -35.3598 -89.2835 0 -0 -0 -0.17102 0.985268
57.8 -32.7668 -90.0251 0 -0 -0 -0.262905 0.964822
57.9 -31.6791 -92.0132 0 -0 -0 -0.712565 0.701606
58 -32.398 -94.4974 0 -0 -0 -0.775146 0.631782
58.1 -30.7462 -96.0575 0 -0 -0 -0.2159 0.976415
58.2 -28.3534 -96.8953 0 -0 -0 -0.169073 0.985604
58.3 -26.455 -97.571 0 -0 -0 -0.150963 0.988539
58.4 -25.3131 -98.5098 0 -0 -0 -0.845403 0.53413
58.5 -26.7803 -98.0738 0 0 0 0.943105 0.332496
58.6 -28.4873 -97.3237 0 0 0 0.993874 0.110518
58.7 -31.0166 -96.6685 0 0 0 0.989057 0.147532
58.8 -33.2119 -95.5893 0 0 0 0.801669 0.597768
58.9 -33.1945 -93.0833 0 0 0 0.679826 0.733374
59 -34.1819 -91.0691 0 0 0 0.955154 0.296108
59.1 -36.2912 -89.9752 0 0 0 0.978391 0.206761
59.2 -37.8817 -90.5539 0 -0 -0 -0.910217 0.414132
59.3 -38.779 -92.228 0 -0 -0 -0.814749 0.579814
59.4 -39.5164 -94.1624 0 -0 -0 -0.815662 0.578529
59.5 -40.4521 -96.5889 0 -0 -0 -0.82041 0.571776
59.6 -41.2894 -99.3031 0 -0 -0 -0.767468 0.641088
59.7 -41.9605 -102.209 0 -0 -0 -0.770672 0.637232
59.8 -42.6569 -105.117 0 -0 -0 -0.772988 0.63442
59.9 -43.3412 -107.88 0 -0 -0 -0.77544 0.631421
60 -44.0689 -110.768 0 -0 -0 -0.777377 0.629035
60.1 -44.7731 -113.529 0 -0 -0 -0.764513 0.644608
60.2 -45.2601 -116.312 0 -0 -0 -0.78834 0.61524
60.3 -46.4202 -119.08 0 -0 -0 -0.834915 0.550379
60.4 -47.5628 -121.843 0 -0 -0 -0.807081 0.590441
60.5 -48.5009 -124.539 0 -0 -0 -0.807985 0.589203
60.6 -49.0384 -127.207 0 -0 -0 -0.745809 0.66616
60.7 -49.2617 -129.932 0 -0 -0 -0.746649 0.665218
60.8 -49.5482 -132.662 0 -0 -0 -0.762258 0.647273
60.9 -49.9603 -135.351 0 -0 -0 -0.815141 0.579263
61 -50.717 -137.832 0 -0 -0 -0.81851 0.574492
61.1 -51.5247 -140.415 0 -0 -0 -0.820848 0.571147
61.2 -52.3463 -142.894 0 -0 -0 -0.826825 0.562459
61.3 -53.2162 -145.421 0 -0 -0 -0.829543 0.558443
61.4 -54.2289 -147.869 0 -0 -0 -0.829534 0.558457
61.5 -55.2035 -150.193 0 -0 -0 -0.822023 0.569454
61.6 -56.028 -152.689 0 -0 -0 -0.773104 0.634279
61.7 -56.7371 -155.193 0 -0 -0 -0.917591 0.397525
61.8 -58.6658 -154.871 0 0 0 0.818809 0.574066
61.9 -60.6669 -153.831 0 0 0 0.987717 0.156254
62 -62.9984 -153.075 0 0 0 0.989816 0.14235
62.1 -65.5963 -152.963 0 0 0 0.999923 0.0123742
62.2 -68.1836 -152.675 0 0 0 0.995347 0.0963589
62.3 -70.5986 -152.186 0 0 0 0.992218 0.124514
62.4 -73.0946 -151.529 0 0 0 0.988346 0.152224
62.5 -75.5644 -150.726 0 0 0 0.983251 0.182257
62.6 -77.9053 -149.977 0 0 0 0.989448 0.144891
62.7 -80.3756 -149.224 0 0 0 0.985019 0.172444
62.8 -82.8178 -148.351 0 0 0 0.987394 0.158283
62.9 -85.3506 -147.8 0 0 0 0.993922 0.110087
63 -87.7546 -147.257 0 0 0 0.991435 0.130603
63.1 -90.2437 -146.585 0 0 0 0.987909 0.155034
63.2 -92.718 -145.792 0 0 0 0.984288 0.176569
63.3 -95.016 -144.943 0 0 0 0.980448 0.196777
63.4 -97.5059 -144.244 0 0 0 0.99535 0.0963193
63.5 -99.9319 -143.806 0 0 0 0.994605 0.103731
63.6 -102.476 -143.277 0 0 0 0.992755 0.120154
63.7 -104.995 -142.68 0 0 0 0.991024 0.133685
63.8 -107.503 -141.999 0 0 0 0.988623 0.150417
63.9 -109.972 -141.232 0 0 0 0.985979 0.166871
64 -112.419 -140.39 0 0 0 0.982674 0.185345
64.1 -114.75 -139.636 0 0 0 0.990251 0.139294
64.2 -117.253 -138.943 0 0 0 0.988658 0.150188
64.3 -119.729 -138.2 0 0 0 0.986539 0.163525
64.4 -122.181 -137.389 0 0 0 0.986909 0.161276
64.5 -124.569 -136.793 0 0 0 0.9915 0.130106
64.6 -127.082 -136.154 0 0 0 0.990287 0.139037
64.7 -129.586 -135.464 0 0 0 0.989232 0.146353
64.8 -132.073 -134.735 0 0 0 0.987401 0.158236
64.9 -134.46 -134.157 0 0 0 0.995693 0.0927094
65 -137.014 -133.699 0 0 0 0.994931 0.100564
65.1 -139.43 -132.891 0 0 0 0.96878 0.247923
65.2 -141.728 -131.674 0 0 0 0.972573 0.232596
65.3 -144.019 -130.799 0 0 0 0.983336 0.181797
65.4 -146.361 -130.058 0 0 0 0.988928 0.148393
65.5 -148.846 -129.35 0 0 0 0.98802 0.154327
65.6 -151.341 -128.606 0 0 0 0.98732 0.15874
65.7 -153.046 -128.835 0 -0 -0 -0.97542 0.220352
65.8 -154.697 -129.67 0 -0 -0 -0.965926 0.258817
65.9 -156.469 -130.686 0 -0 -0 -0.971283 0.237926
66 -158.755 -132.005 0 -0 -0 -0.954887 0.29697
66.1 -160.66 -133.778 0 -0 -0 -0.865092 0.501613
66.2 -161.624 -136.237 0 -0 -0 -0.818784 0.574101
66.3 -162.466 -138.635 0 -0 -0 -0.803621 0.595141
66.4 -163.138 -140.929 0 -0 -0 -0.787589 0.616201
66.5 -163.766 -143.49 0 -0 -0 -0.769737 0.638362
66.6 -164.476 -145.897 0 -0 -0 -0.793243 0.608905
66.7 -165.141 -148.46 0 -0 -0 -0.783067 0.621937
66.8 -166.037 -150.784 0 -0 -0 -0.858099 0.513484
66.9 -166.99 -152.987 0 -0 -0 -0.82047 0.57169
67 -167.752 -154.97 0 -0 -0 -0.806325 0.591473
67.1 -168.352 -156.996 0 -0 -0 -0.764085 0.645116
67.2 -168.762 -159.173 0 -0 -0 -0.788492 0.615045
67.3 -169.208 -161.023 0 -0 -0 -0.773922 0.633281
67.4 -169.793 -163.183 0 -0 -0 -0.828111 0.560565
67.5 -170.739 -165.546 0 -0 -0 -0.820001 0.572362
67.6 -171.612 -167.9 0 -0 -0 -0.81585 0.578264
67.7 -172.484 -170.395 0 -0 -0 -0.807553 0.589796
67.8 -173.312 -172.902 0 -0 -0 -0.803989 0.594644
67.9 -173.589 -174.699 0 -0 -0 -0.552396 0.833582
68 -172.25 -175.935 0 -0 -0 -0.127492 0.99184
68.1 -169.826 -176.597 0 -0 -0 -0.100521 0.994935
68.2 -167.444 -176.704 0 -0 -0 -0.0759114 0.997115
68.3 -165.333 -177.096 0 -0 -0 -0.0616102 0.9981
68.4 -163.741 -177.349 0 -0 -0 -0.109455 0.993992
68.5 -161.545 -178.601 0 -0 -0 -0.106806 0.99428
68.6 -159.054 -179.095 0 -0 -0 -0.0639906 0.997951
68.7 -156.659 -179.456 0 -0 -0 -0.047071 0.998892
68.8 -154.136 -179.778 0 -0 -0 -0.0628322 0.998024
68.9 -151.748 -180.101 0 -0 -0 -0.0340958 0.999419
69 -149.247 -180.604 0 -0 -0 -0.102171 0.994767
69.1 -146.882 -181.131 0 -0 -0 -0.0818966 0.996641
69.2 -144.41 -181.732 0 -0 -0 -0.177622 0.984099
69.3 -142.15 -182.629 0 -0 -0 -0.15181 0.98841
69.4 -139.694 -183.337 0 -0 -0 -0.112006 0.993708
69.5 -137.296 -184.201 0 -0 -0 -0.159414 0.987212
69.6 -134.926 -184.64 0 -0 -0 -0.00781952 0.999969
69.7 -132.524 -184.726 0 0 0 0.00541566 0.999985
69.8 -130.395 -185.621 0 -0 -0 -0.246503 0.969142
69.9 -128.764 -186.082 0 -0 -0 -0.0929367 0.995672
70 -127.23 -186.721 0 -0 -0 -0.0207884 0.999784
70.1 -125.638 -186.357 0 0 0 0.217885 0.975974
70.2 -124.535 -185.409 0 0 0 0.455445 0.890264
70.3 -122.987 -184.708 0 -0 -0 -0.0223365 0.999751
70.4 -121.862 -186.56 0 -0 -0 -0.47574 0.879586
70.5 -120.056 -188.295 0 -0 -0 -0.148849 0.98886
70.6 -117.722 -188.899 0 -0 -0 -0.0943057 0.995543
70.7 -115.347 -189.363 0 -0 -0 -0.066657 0.997776
70.8 -112.832 -189.758 0 -0 -0 -0.0843253 0.996438
70.9 -110.464 -190.441 0 -0 -0 -0.120445 0.99272
71 -108.035 -191.092 0 -0 -0 -0.115849 0.993267
71.1 -105.636 -191.97 0 -0 -0 -0.118246 0.992984
71.2 -103.216 -192.742 0 -0 -0 -0.215989 0.976396
71.3 -100.927 -193.534 0 -0 -0 -0.112231 0.993682
71.4 -98.4654 -194.198 0 -0 -0 -0.118795 0.992919
71.5 -95.9787 -194.803 0 -0 -0 -0.0335102 0.999438
71.6 -93.4562 -195.019 0 -0 -0 -0.0166535 0.999861
71.7 -91.0464 -195.163 0 -0 -0 -0.0471811 0.998886
71.8 -88.5412 -195.614 0 -0 -0 -0.0687238 0.997636
71.9 -86.1043 -196.375 0 -0 -0 -0.165652 0.986184
72 -83.8372 -197.239 0 -0 -0 -0.159597 0.987182
72.1 -81.3834 -197.919 0 -0 -0 -0.0395774 0.999217
72.2 -79.0932 -198.676 0 -0 -0 -0.156614 0.98766
72.3 -76.8562 -198.975 0 -0 -0 -0.0403132 0.999187
72.4 -75.0431 -199.364 0 -0 -0 -0.120722 0.992686
72.5 -72.9597 -199.893 0 0 0 0.0603931 0.998175
72.6 -71.853 -198.641 0 0 0 0.611111 0.791545
72.7 -71.289 -196.367 0 0 0 0.621908 0.78309
72.8 -70.7466 -194.056 0 0 0 0.593616 0.804749
72.9 -70.048 -191.658 0 0 0 0.607804 0.794087
73 -69.4199 -189.223 0 0 0 0.584637 0.811295
73.1 -68.5493 -186.883 0 0 0 0.542144 0.840286
73.2 -67.3251 -184.705 0 0 0 0.515597 0.856831
73.3 -66.2493 -182.586 0 0 0 0.53789 0.843015
73.4 -65.2452 -180.299 0 0 0 0.563498 0.826117
73.5 -64.3752 -177.946 0 0 0 0.583314 0.812247
73.6 -63.6635 -175.677 0 0 0 0.602652 0.798004
73.7 -62.9844 -173.27 0 0 0 0.583273 0.812276
73.8 -62.2689 -171.008 0 0 0 0.600505 0.799621
73.9 -61.4384 -168.647 0 0 0 0.561698 0.827343
74 -60.5492 -166.305 0 0 0 0.578789 0.815477
74.1 -59.7701 -164.064 0 0 0 0.591436 0.806352
74.2 -58.6011 -161.851 0 0 0 0.514701 0.85737
74.3 -57.4695 -159.622 0 0 0 0.537524 0.843249
74.4 -56.526 -157.319 0 0 0 0.682683 0.730715
74.5 -56.8236 -154.84 0 0 0 0.834309 0.551297
74.6 -58.3145 -153.645 0 0 0 0.995422 0.0955818
74.7 -58.8473 -154.662 0 -0 -0 -0.0502536 0.998736
74.8 -57.2908 -154.269 0 -0 -0 -0.108548 0.994091
74.9 -55.7059 -154.208 0 0 0 0.433726 0.901045
75 -55.0877 -152.478 0 0 0 0.5985 0.801123
75.1 -54.7131 -150.136 0 0 0 0.688909 0.724848
75.2 -54.6532 -147.63 0 0 0 0.706155 0.708057
75.3 -54.5849 -145.127 0 0 0 0.611971 0.79088
75.4 -53.8318 -142.947 0 0 0 0.611889 0.790944
75.5 -53.0468 -140.652 0 0 0 0.580077 0.814562
75.6 -52.1367 -138.389 0 0 0 0.591109 0.806592
75.7 -51.3189 -136.103 0 0 0 0.61037 0.792116
75.8 -50.6558 -133.902 0 0 0 0.630336 0.776323
75.9 -50.1079 -131.678 0 0 0 0.644379 0.764706
76 -49.6167 -129.305 0 0 0 0.663596 0.748091
76.1 -49.0475 -126.959 0 0 0 0.603048 0.797705
76.2 -48.1854 -124.816 0 0 0 0.587012 0.809578
76.3 -47.5802 -122.75 0 0 0 0.596512 0.802604
76.4 -47.0439 -120.747 0 0 0 0.601724 0.798704
76.5 -46.5331 -118.683 0 0 0 0.611255 0.791434
76.6 -46.0988 -116.69 0 0 0 0.61651 0.787347
76.7 -45.6283 -114.582 0 0 0 0.605371 0.795944
76.8 -45.092 -112.611 0 0 0 0.581866 0.813285
76.9 -44.4585 -110.557 0 0 0 0.592461 0.805599
77 -43.8955 -108.478 0 0 0 0.601139 0.799145
77.1 -43.4233 -106.569 0 0 0 0.604714 0.796442
77.2 -42.9002 -104.485 0 0 0 0.581995 0.813192
77.3 -42.2541 -102.429 0 0 0 0.585359 0.810774
77.4 -41.6329 -100.368 0 0 0 0.58785 0.80897
77.5 -41.0497 -98.4139 0 0 0 0.586582 0.80989
77.6 -40.3697 -96.3777 0 0 0 0.580953 0.813937
77.7 -39.6312 -94.0766 0 0 0 0.5924 0.805644
77.8 -38.909 -91.6295 0 0 0 0.601812 0.798638
77.9 -38.2422 -89.175 0 0 0 0.606993 0.794707
78 -37.4858 -86.881 0 0 0 0.579822 0.814743
78.1 -36.6623 -84.4828 0 0 0 0.580173 0.814493
78.2 -35.9008 -82.1441 0 0 0 0.591483 0.806317
78.3 -35.0949 -79.7726 0 0 0 0.563085 0.826399
78.4 -34.2029 -77.3893 0 0 0 0.568459 0.822711
78.5 -33.3925 -75.119 0 0 0 0.57748 0.816404
78.6 -32.6153 -72.8304 0 0 0 0.58058 0.814203
78.7 -31.8285 -70.4115 0 0 0 0.588217 0.808703
78.8 -31.074 -67.9826 0 0 0 0.592932 0.805252
78.9 -30.3445 -65.5412 0 0 0 0.595352 0.803465
79 -29.6458 -63.0947 0 0 0 0.602627 0.798023
79.1 -28.8375 -60.8208 0 0 0 0.565492 0.824754
79.2 -27.8933 -58.4296 0 0 0 0.5646 0.825365
79.3 -26.9406 -56.0402 0 0 0 0.562097 0.827071
79.4 -26.0315 -53.7684 0 0 0 0.564215 0.825628
79.5 -25.0831 -51.3796 0 0 0 0.565644 0.824649
79.6 -24.1728 -49.1099 0 0 0 0.562378 0.82688
79.7 -23.2062 -46.72 0 0 0 0.561513 0.827468
79.8 -22.2512 -44.334 0 0 0 0.580498 0.814261
79.9 -21.5445 -41.9951 0 0 0 0.580262 0.81443
80 -20.6786 -39.5735 0 0 0 0.57895 0.815363
80.1 -19.825 -37.2916 0 0 0 0.554147 0.832419
80.2 -18.8204 -34.9144 0 0 0 0.556702 0.830712
80.3 -18.0029 -32.9572 0 0 0 0.5543 0.832317
80.4 -17.2455 -31.1551 0 0 0 0.554735 0.832027
80.5 -16.2315 -28.7873 0 0 0 0.552722 0.833366
80.6 -15.2494 -26.5013 0 0 0 0.552972 0.8332
80.7 -14.2504 -24.1748 0 0 0 0.55154 0.834149
