0 0 0 0 -0.000579325 -0.000376704 1 -0.000672014
0.1 -0.946669 0.00708145 -0.152983 0.181956 0.296655 0.924695 -0.154361
0.2 -1.68271 0.154549 -0.584347 0.213023 0.416798 0.201153 0.860487
0.3 -2.57764 0.0741783 -0.971672 -0.700568 -0.216936 0.260916 0.627746
0.4 -3.51416 -0.00325937 -1.38789 0.221836 -0.305031 0.839611 0.390894
0.5 -3.46201 -0.840062 -1.34725 0.655917 -0.0775358 0.0943196 0.744893
0.6 -2.48277 -0.992443 -0.932319 -0.31982 -0.625692 -0.228933 0.673658
0.7 -1.67861 -0.930354 -0.616865 0.22936 -0.348102 -0.26346 0.869947
0.8 -0.805334 -0.969704 -0.27333 -0.0808591 -0.499933 -0.499225 0.703067
0.9 0.199652 -1.16044 0.118302 -0.629015 -0.328862 0.454835 0.537881
1 0.0167446 -2.19253 0.437993 -0.495195 0.0890266 -0.185343 0.8441
1.1 -0.769024 -2.02362 -0.168492 -0.204284 0.693422 0.655619 0.218171
1.2 -1.76085 -1.96306 -0.472843 0.248563 0.0235281 0.892054 0.376699
1.3 -2.67326 -2.08631 -0.841066 -0.182506 0.319294 0.613487 0.69884
1.4 -3.46952 -1.94143 -1.20062 -0.475642 -0.322589 -0.641419 0.508215
1.5 -3.61307 -2.89698 -1.17869 -0.417574 -0.0296322 -0.366573 0.83089
1.6 -2.76318 -2.95214 -0.800214 -0.375268 -0.0462571 0.805171 -0.456873
1.7 -1.82677 -3.03783 -0.520479 0.257388 0.647361 0.702774 -0.144168
1.8 -0.945376 -3.06576 0.00338298 0.652822 0.414295 -0.542757 -0.328021
1.9 -0.00616858 -3.1351 0.461044 0.24114 0.671977 -0.616711 -0.33161
2 -0.0291925 -4.06756 0.430894 -0.171702 0.129664 0.877654 -0.428287
2.1 -0.934707 -4.00731 0.0187095 0.791375 -0.323781 -0.486543 0.179351
2.2 -1.84951 -3.90112 -0.337788 0.44072 0.723844 -0.243137 -0.471912
2.3 -2.87873 -4.01677 -0.860625 0.308563 0.127638 0.649865 0.682768
2.4 -3.83602 -3.9925 -1.10896 0.308257 -0.0135001 0.350344 0.884339
2.5 -4.18707 -3.77234 -0.171176 -0.254425 0.0897095 0.960361 0.0701918
2.6 -3.19544 -3.77011 0.110075 -0.209992 0.160771 -0.265314 0.927181
2.7 -2.22177 -3.78106 0.46231 0.104016 0.181527 0.464095 0.860723
2.8 -1.45578 -3.83848 0.965454 -0.0694116 0.352866 0.932056 -0.0440345
2.9 -0.597374 -3.85296 1.37437 -0.173732 0.455686 0.356448 0.796939
3 -0.454289 -3.07803 1.40478 -0.241472 0.467937 0.766335 -0.368046
3.1 -1.28917 -2.97134 0.986903 -0.657458 -0.00531894 0.721899 0.215831
3.2 -2.24418 -2.87854 0.438883 -0.149703 0.477578 -0.578414 0.644163
3.3 -3.06662 -2.67132 0.0170567 -0.10037 -0.0473739 0.239404 0.964556
3.4 -4.08157 -2.80282 -0.251683 0.098436 0.267866 0.895621 0.341204
3.5 -3.86899 -1.85955 -0.389593 0.350667 0.271644 0.0304603 0.89572
3.6 -2.96644 -1.91361 -0.0617155 -0.00232743 0.198508 -0.163327 0.966392
3.7 -2.10866 -1.85793 0.444932 0.14777 -0.0451246 -0.0510977 0.98667
3.8 -1.20433 -1.9619 0.839244 0.160793 0.016814 0.939425 -0.302232
3.9 -0.388008 -2.04354 1.21315 0.262728 0.270322 0.271556 0.885526
4 -0.130828 -0.926181 1.02903 -0.111907 -0.238933 0.705285 0.657998
4.1 -1.03628 -0.977934 0.712677 -0.0241985 -0.564489 0.717989 0.406519
4.2 -1.99434 -0.823821 0.23164 -0.341039 -0.466832 0.768921 -0.272985
4.3 -2.90811 -0.822132 -0.153574 0.188222 0.300075 0.933016 0.0633212
4.4 -3.84191 -0.773242 -0.490099 0.574222 0.117303 -0.404335 0.702155
4.5 -3.84415 0.125166 -0.37158 -0.355042 -0.261945 -0.42414 0.790845
4.6 -2.98428 0.210281 -0.102944 0.178904 -0.0403359 0.317066 0.930503
4.7 -1.92208 0.155994 0.17433 -0.405288 -0.345557 -0.559173 0.63534
4.8 -0.997227 0.116129 0.673052 0.0665788 -0.617421 0.699832 0.352977
4.9 -0.044846 0.136807 0.990317 0.152281 -0.492437 -0.000720532 0.856922
5 -0.401899 -0.00568114 1.83252 -0.120193 0.0334991 0.989151 0.0775366
5.1 -1.30273 0.187486 1.48722 -0.3164 0.288326 0.0800802 0.900192
5.2 -2.35954 0.190686 1.07156 -0.0609965 0.171773 0.581236 0.793056
5.3 -3.18224 0.356826 0.792862 -0.46904 0.0737093 -0.376038 0.795716
5.4 -4.2209 0.27702 0.641188 -0.16932 0.135123 0.13304 0.967147
5.5 -4.16228 -0.678428 0.503703 0.560852 -0.210647 0.686307 -0.412378
5.6 -3.32501 -0.644915 0.738814 -0.391372 0.456468 0.605631 0.521225
5.7 -2.36361 -0.799131 1.15467 0.220509 -0.670402 -0.170464 0.687662
5.8 -1.47425 -0.926208 1.62119 0.257554 -0.0949431 0.930406 -0.242891
5.9 -0.537974 -0.985342 1.95122 -0.353599 -0.118885 0.85592 -0.358098
6 -0.682824 -1.97605 2.19186 0.104759 -0.000850652 -0.0198807 0.994299
6.1 -1.53472 -1.92566 1.78132 -0.200436 0.0925241 0.975279 -0.00983165
6.2 -2.39723 -1.77146 1.28687 0.697522 -0.236577 -0.372234 0.564744
6.3 -3.32177 -1.72375 0.795149 -0.476193 0.20699 -0.263193 0.813096
6.4 -4.17915 -1.63647 0.528759 -0.15249 -0.0334978 0.118509 0.980602
6.5 -4.28972 -2.62547 0.631768 -0.542002 0.301934 0.13968 0.771725
6.6 -3.37765 -2.63438 0.953635 -0.113844 -0.29321 0.306817 0.898293
6.7 -2.59687 -2.71178 1.39242 0.0803384 0.665112 0.735932 -0.0978563
6.8 -1.69933 -2.93609 1.86964 -0.518908 0.300249 0.77968 0.180787
6.9 -0.844621 -2.93626 2.34656 -0.184816 -0.0690413 0.923463 -0.329077
7 -0.94757 -3.95761 2.32802 -0.0632364 -0.0458625 -0.297378 0.951559
7.1 -1.86875 -3.83021 1.81868 -0.15726 -0.585768 -0.440513 0.661887
7.2 -2.69895 -3.82802 1.44582 0.206774 -0.219047 -0.330436 0.894469
7.3 -3.68645 -3.68445 1.07702 0.207499 -0.300686 0.930561 0.0242605
7.4 -4.63691 -3.62552 0.712908 0.374272 -0.0948174 -0.143436 0.911239
7.5 -4.90054 -3.3955 1.60471 -0.155846 0.0675224 0.980544 0.0984191
7.6 -4.03892 -3.46679 1.92158 -0.560569 -0.0627854 -0.606194 0.560669
7.7 -3.25767 -3.72166 2.30952 0.185398 0.619266 -0.579689 -0.496083
7.8 -2.38224 -3.8599 2.78293 0.460555 -0.570792 0.11375 0.670184
7.9 -1.48777 -4.03526 3.29775 -0.549763 -0.416775 0.692158 0.212075
8 -1.22401 -2.87047 3.14055 0.0517016 0.394125 0.861128 -0.31694
8.1 -2.06074 -2.84963 2.67044 -0.490697 -0.0183577 -0.180745 0.85218
8.2 -2.9628 -2.69382 2.28246 0.0379102 -0.0443678 0.900213 0.431521
8.3 -3.77407 -2.45044 1.85178 -0.401377 -0.236678 0.770397 0.435165
8.4 -4.69249 -2.30719 1.40316 -0.646917 -0.382245 0.651397 -0.105212
8.5 -4.59141 -1.32315 1.33831 -0.0820718 -0.0213141 0.207003 0.974659
8.6 -3.56012 -1.49591 1.86752 -0.233841 0.796855 0.556921 -0.0133569
8.7 -2.75012 -1.60971 2.24921 -0.591899 0.153195 0.20799 0.763496
8.8 -1.93375 -1.73841 2.51478 0.108752 0.466399 0.557906 0.677781
8.9 -1.08015 -1.84098 3.06113 0.747199 -0.206612 -0.609398 0.166248
9 -0.864998 -0.82872 2.99899 -0.596559 -0.170689 0.781776 -0.0617105
9.1 -1.77669 -0.624047 2.54953 -0.330866 0.496769 0.661023 0.454748
9.2 -2.63462 -0.693065 2.09139 0.0491475 0.116109 -0.211279 0.96926
9.3 -3.48263 -0.60798 1.77017 -0.582709 0.194046 0.787907 -0.044707
9.4 -4.43615 -0.462213 1.33196 0.0725101 -0.1058 -0.414993 0.900739
9.5 -4.25843 0.59977 1.33553 0.328446 0.153331 -0.147199 0.920296
9.6 -3.38261 0.386933 1.77753 0.324867 0.161405 0.293967 0.884304
9.7 -2.55358 0.191878 2.08221 -0.310146 0.577483 0.62876 0.41831
9.8 -1.7398 0.15472 2.46732 0.188009 -0.0370371 0.94183 -0.276112
9.9 -0.706286 0.0763353 2.88764 -0.444397 0.292454 0.843428 0.0749035
10 -1.05625 0.0852601 3.72472 -0.0835213 -0.14718 0.977722 0.124183
10.1 -2.10062 0.356114 3.4576 -0.564564 -0.280598 0.771618 -0.0844888
10.2 -2.92001 0.477669 3.06674 0.0635959 -0.314742 -0.771651 0.549042
10.3 -3.68196 0.60534 2.70675 -0.402931 0.366913 0.653829 0.524909
10.4 -4.47765 0.627009 2.34827 0.040577 -0.411145 0.601717 0.683557
10.5 -4.59644 -0.331664 2.30495 -0.33839 -0.119388 0.813111 -0.458355
10.6 -3.77581 -0.381666 2.6733 0.31537 -0.715523 -0.250972 0.570597
10.7 -2.99079 -0.575131 3.04552 -0.114452 0.619642 0.760394 -0.157305
10.8 -2.20759 -0.572586 3.4683 -0.289529 0.212224 0.807838 0.467473
10.9 -1.30144 -0.773898 3.91224 0.429772 -0.00817647 0.685024 0.588194
11 -1.53693 -1.90099 3.99708 -0.557742 0.245992 0.792411 -0.0222682
11.1 -2.34413 -1.72654 3.4108 -0.585802 0.403869 0.645092 0.278535
11.2 -3.198 -1.49837 3.15598 -0.505274 0.496168 0.706056 -0.0007297
11.3 -4.03355 -1.35453 2.68089 0.0533491 -0.0891732 0.0199191 0.994387
11.4 -4.95671 -1.28457 2.25309 -0.375951 -0.258346 0.880281 0.130474
11.5 -5.14362 -2.23107 2.25293 -0.00325398 -0.329887 0.301831 0.894462
11.6 -4.24962 -2.27576 2.67628 -0.172756 0.43479 0.836102 -0.286438
11.7 -3.33767 -2.47714 3.19064 0.539054 0.505191 0.49395 -0.458493
11.8 -2.57684 -2.70247 3.5566 0.0386451 0.304982 0.50373 0.807309
11.9 -1.84795 -2.76826 3.98136 0.0330021 -0.627374 0.736151 0.251783
12 -2.05927 -3.62773 4.07135 -0.0372576 -0.223814 -0.647326 0.727659
12.1 -2.82228 -3.65416 3.60618 -0.00133237 -0.190939 0.619294 0.761587
12.2 -3.67769 -3.45397 3.2066 0.100447 -0.0507587 -0.696131 0.709039
12.3 -4.47214 -3.21869 2.84061 0.108737 0.154183 -0.378234 0.906279
12.4 -5.21677 -3.14738 2.46154 -0.410468 -0.561536 0.619946 0.363124
